40 247383
60 251392
80 251392
100 255871
120 258425
140 212041
160 103910
180 78403
200 77689
220 67322
240 89543
260 103035
280 128498
300 137586
320 164949
340 195515
360 213586
380 237756
400 272150
420 276950
440 316337
460 354154
480 376907
500 394783
520 394783
540 422215
560 446207
580 473158
600 527993
620 561714
640 597983
660 643095
680 694399
700 744790
720 776801
740 800247
760 800247
780 793583
800 768016
820 725042
840 681875
860 654906
880 639818
900 637670
920 637515
940 650555
960 704809
980 721419
1000 803593
1020 897847
1040 999984
1060 1072804
1080 1042493
1100 988787
1120 874635
1140 752938
1160 661902
1180 591701
1200 575189
1220 551204
1240 521026
1260 508009
1280 510734
1300 527228
1320 560602
1340 610242
1360 686258
1380 826771
1400 967672
1420 1027994
1440 1034510
1460 941065
1480 802015
1500 624593
1520 509922
1540 434794
1560 392149
1580 355875
1600 330455
1620 314717
1640 304353
1660 302476
1680 304063
1700 311254
1720 327305
1740 350290
1760 383057
1780 441903
1800 523991
1820 604398
1840 681512
1860 683854
1880 664137
1900 589292
1920 467189
1940 396332
1960 340109
1980 302965
2000 275302
2020 256394
2040 240458
2060 235989
2080 238028
2100 238921
2120 245798
2140 258968
2160 280116
2180 311413
2200 376856
2220 443898
2240 521253
2260 605517
2280 623363
2300 543106
2320 410918
2340 377371
2360 320489
2380 274910
2400 238510
2420 213229
2440 193389
2460 181288
2480 176260
2500 174579
2520 175994
2540 181130
2560 186721
2580 194857
2600 216879
2620 241858
2640 280140
2660 331486
2680 402359
2700 481165
2720 495377
2740 393790
2760 337738
2780 302379
2800 271479
2820 227482
2840 194440
2860 170968
2880 158941
2900 150582
2920 146074
2940 143910
2960 145482
2980 152943
3000 165831
3020 169929
3040 182253
3060 210555
3080 253928
3100 314302
3120 418623
3140 522102
3160 485875
3180 365056
3200 273459
3220 211000
3240 181126
3260 167096
3280 138257
3300 127425
3320 116463
3340 110041
3360 107550
3380 105538
3400 106071
3420 109486
3440 114218
3460 117277
3480 123719
3500 132916
3520 153011
3540 178709
3560 202600
3580 224393
3600 241112
3620 240369
3640 224024
3660 195261
3680 171323
3700 165985
3720 156599
3740 146217
3760 136948
3780 129838
3800 128136
3820 130589
3840 134191
3860 141885
3880 151013
3900 170794
3920 188171
3940 216828
3960 255905
3980 323120
4000 406889
4020 447287
4040 398732
4060 291253
4080 222061
4100 188857
4120 163155
4140 148228
4160 145731
4180 134490
4200 127289
4220 122805
4240 124864
4260 126615
4280 131378
4300 138805
4320 156564
4340 180518
4360 210125
4380 230057
4400 259542
4420 333075
4440 396237
4460 426295
4480 331737
4500 256416
4520 206762
4540 175232
4560 155164
4580 138735
4600 129420
4620 124926
4640 120739
4660 120223
4680 122474
4700 128325
4720 137048
4740 152013
4760 177956
4780 205176
4800 258293
4820 327219
4840 350518
4860 525481
4880 607641
4900 477466
4920 344344
4940 276665
4960 231130
4980 199957
5000 181891
5020 171030
5040 169697
5060 169088
5080 168286
5100 171081
5120 177322
5140 193359
5160 217203
5180 248626
5200 290120
5220 349581
5240 439955
5260 654359
5280 807146
5300 963699
5320 1056526
5340 921556
5360 686438
5380 527547
5400 424411
5420 363453
5440 328553
5460 310501
5480 299176
5500 295100
5520 295100
5540 305049
5560 322917
5580 349935
5600 392912
5620 448764
5640 527525
5660 654018
5680 897346
5700 1196467
5720 1558877
5740 1832770
5760 1459169
5780 1346274
5800 860515
5820 616564
5840 512146
5860 446435
5880 401959
5900 374495
5920 354475
5940 343221
5960 339310
5980 340024
6000 346504
6020 360371
6040 383663
6060 429611
6080 509447
6100 610191
6120 772159
6140 1037016
6160 1396067
6180 1509159
6200 1360726
6220 902389
6240 651281
6260 524743
6280 426359
6300 377487
6320 336204
6340 308391
6360 291998
6380 288073
6400 286656
6420 287304
6440 294756
6460 309152
6480 344312
6500 397241
6520 476588
6540 584435
6560 772082
6580 1040288
6600 1336339
6620 1103984
6640 824441
6660 771594
6680 564809
6700 457273
6720 383421
6740 323823
6760 286208
6780 271512
6800 261668
6820 256463
6840 256736
6860 260506
6880 263136
6900 277033
6920 294219
6940 319613
6960 359447
6980 406455
7000 492575
7020 618749
7040 736405
7060 828501
7080 824215
7100 824215
7120 726566
7140 578814
7160 491485
7180 439213
7200 398529
7220 376416
7240 365488
7260 361696
7280 363666
7300 374660
7320 390711
7340 393199
7360 428917
7380 487884
7400 575441
7420 750839
7440 1072157
7460 1426916
7480 1521492
7500 1222145
7520 842787
7540 649468
7560 610373
7580 516710
7600 449204
7620 404988
7640 377075
7660 357548
7680 350468
7700 351204
7720 359092
7740 381058
7760 411481
7780 411481
7800 460789
7820 559062
7840 715648
7860 928024
7880 1239711
7900 1404284
7920 1107206
7940 744012
7960 516342
7980 507842
8000 507187
8020 490107
8040 429149
8060 377289
8080 342939
8100 335825
8120 344788
8140 348843
8160 347019
8180 366244
8200 404219
8220 432807
8240 452303
8260 544512
8280 664092
8300 894377
8320 1141166
8340 1278763
8360 1021221
8380 664469
8400 512346
8420 422920
8440 364293
8460 355918
8480 311204
8500 295987
8520 291178
8540 278035
8560 271563
8580 270294
8600 277670
8620 299078
8640 331993
8660 378935
8680 378935
8700 448814
8720 542895
8740 696785
8760 976054
8780 963030
8800 718559
8820 497700
8840 400877
8860 337848
8880 288117
8900 260044
8920 258061
8940 235251
8960 220911
8980 215665
9000 213409
9020 215758
9040 227249
9060 255363
9080 298618
9100 349131
9120 447541
9140 452037
9160 592179
9180 754442
9200 860229
9220 799603
9240 618503
9260 493227
9280 500646
9300 470173
9320 413357
9340 379850
9360 379850
9380 356591
9400 342849
9420 333362
9440 333504
9460 342688
9480 353063
9500 354413
9520 359226
9540 390466
9560 468708
9580 604321
9600 604321
9620 789707
9640 1062214
9660 1242641
9680 1033321
9700 645554
9720 478887
9740 379856
9760 309979
9780 272403
9800 249832
9820 244103
9840 231404
9860 225735
9880 223200
9900 224442
9920 230621
9940 245114
9960 274341
9980 324164
10000 389993
