25 253023
30 246934
35 244117
40 247435
45 240832
50 247455
55 240829
60 247325
65 250622
70 253433
75 250753
80 248671
85 246342
90 250145
95 248448
100 249489
105 253654
110 247300
115 242756
120 247191
125 242633
130 96809
135 115815
140 105623
145 107206
150 79190
155 79068
160 79210
165 78693
170 78574
175 79335
180 79335
185 78553
190 61273
195 64605
200 65710
205 64430
210 77891
215 87334
220 87432
225 89677
230 103430
235 113410
240 107023
245 103404
250 117784
255 138784
260 140544
265 137913
270 159443
275 158906
280 158801
285 159745
290 179877
295 184338
300 183276
305 177930
310 194635
315 219868
320 213596
325 192134
330 224268
335 233383
340 215613
345 213621
350 238628
355 231168
360 229422
365 226199
370 238238
375 263119
380 243189
385 246064
390 288573
395 302986
400 281406
405 283826
410 322545
415 335178
420 318888
425 307734
430 344250
435 357908
440 335773
445 318170
450 365664
455 350330
460 345810
465 360012
470 395678
475 401689
480 385141
485 368554
490 411957
495 418895
500 393559
505 375776
510 429165
515 438653
520 417240
525 399536
530 432247
535 472430
540 458679
545 442510
550 483519
555 512429
560 456938
565 456938
570 519522
575 549578
580 510638
585 489550
590 531003
595 574798
600 550301
605 526350
610 570276
615 610968
620 579094
625 559727
630 635038
635 622954
640 622954
645 601694
650 661194
655 726143
660 677438
665 638368
670 738598
675 766120
680 708526
685 708248
690 775508
695 789235
700 742862
705 723977
710 740569
715 793931
720 739792
725 680820
730 762099
735 777939
740 716511
745 686831
750 738321
755 738822
760 711375
765 649725
770 661273
775 697465
780 649499
785 582612
790 659697
795 667970
800 616586
805 567203
810 627695
815 634623
820 603497
825 550280
830 580219
835 610161
840 570615
845 543466
850 600960
855 611276
860 561802
865 541129
870 565404
875 623117
880 588983
885 566448
890 627194
895 655819
900 614550
905 598786
910 687417
915 687488
920 657119
925 648325
930 671987
935 742739
940 730654
945 692201
950 798328
955 836298
960 788614
965 764911
970 881846
975 908281
980 886364
985 871110
990 938702
995 1050608
1000 984262
1005 968398
1010 1067464
1015 1115684
1020 1009014
1025 1009014
1030 1133327
1035 1142489
1040 1044394
1045 976728
1050 1050628
1055 1056895
1060 972187
1065 880838
1070 936448
1075 924816
1080 805803
1085 766326
1090 817694
1095 814116
1100 777690
1105 689351
1110 709593
1115 704863
1120 625307
1125 579052
1130 630215
1135 622364
1140 550289
1145 521149
1150 545271
1155 571583
1160 548840
1165 503732
1170 517689
1175 539324
1180 492282
1185 462865
1190 516173
1195 523307
1200 479700
1205 452885
1210 485431
1215 510530
1220 485807
1225 458718
1230 493952
1235 518489
1240 487422
1245 461145
1250 524594
1255 532509
1260 498280
1265 496461
1270 513110
1275 565335
1280 541497
1285 524678
1290 593459
1295 620287
1300 593976
1305 591913
1310 671903
1315 702286
1320 691249
1325 667141
1330 694826
1335 795185
1340 775796
1345 760293
1350 888317
1355 940052
1360 891907
1365 865104
1370 1013027
1375 1042096
1380 1007789
1385 950403
1390 971633
1395 1032004
1400 959794
1405 851446
1410 927698
1415 910585
1420 795407
1425 719581
1430 766367
1435 757612
1440 681032
1445 602825
1450 616406
1455 617564
1460 563507
1465 504892
1470 520760
1475 515320
1480 448932
1485 420513
1490 424987
1495 453727
1500 420457
1505 373204
1510 399509
1515 396539
1520 354248
1525 332998
1530 360808
1535 356117
1540 317616
1545 302892
1550 315818
1555 336392
1560 324626
1565 293481
1570 320309
1575 317379
1580 292204
1585 272874
1590 305116
1595 309249
1600 282714
1605 274659
1610 288286
1615 305131
1620 292288
1625 272181
1630 294615
1635 307038
1640 283338
1645 272344
1650 308327
1655 317762
1660 317762
1665 291160
1670 311000
1675 330519
1680 320677
1685 305982
1690 335597
1695 358314
1700 337797
1705 335840
1710 382774
1715 396584
1720 393228
1725 373151
1730 401046
1735 443695
1740 427027
1745 416269
1750 486403
1755 514545
1760 491487
1765 500608
1770 568143
1775 581934
1780 587855
1785 570554
1790 596722
1795 672140
1800 641568
1805 620941
1810 701144
1815 713047
1820 649302
1825 606328
1830 623494
1835 650832
1840 589758
1845 536104
1850 553486
1855 549826
1860 484927
1865 430060
1870 464055
1875 445148
1880 398730
1885 395798
1890 368670
1895 389387
1900 344307
1905 319327
1910 334217
1915 333294
1920 300841
1925 282398
1930 299736
1935 293469
1940 267267
1945 262652
1950 253436
1955 271723
1960 256813
1965 232644
1970 255577
1975 254910
1980 229138
1985 219205
1990 243411
1995 243071
2000 235319
2005 218582
2010 221622
2015 236787
2020 227017
2025 210882
2030 235260
2035 238461
2040 220416
2045 211374
2050 238101
2055 238101
2060 236350
2065 222645
2070 237437
2075 252185
2080 241082
2085 232882
2090 258542
2095 268920
2100 250165
2105 254733
2110 284765
2115 285487
2120 290149
2125 272302
2130 305792
2135 326450
2140 323392
2145 302683
2150 343443
2155 376277
2160 365943
2165 343121
2170 369889
2175 426530
2180 452010
2185 438103
2190 465886
2195 543745
2200 537548
2205 489560
2210 583482
2215 626792
2220 605737
2225 581679
2230 564320
2235 621951
2240 609922
2245 540044
2250 527948
2255 552106
2260 496447
2265 409797
2270 452985
2275 450391
2280 401653
2285 401653
2290 353936
2295 372263
2300 343861
2305 297285
2310 308575
2315 315838
2320 289006
2325 246199
2330 265463
2335 268453
2340 264796
2345 235023
2350 210741
2355 232088
2360 219850
2365 184004
2370 207313
2375 209997
2380 196307
2385 171366
2390 189216
2395 190921
2400 190466
2405 172264
2410 163211
2415 180234
2420 169570
2425 164994
2430 178829
2435 175342
2440 158169
2445 162924
2450 177087
2455 175251
2460 161436
2465 159501
2470 171984
2475 174006
2480 161210
2485 162881
2490 178859
2495 177053
2500 158661
2505 171170
2510 172512
2515 185936
2520 177783
2525 176538
2530 195897
2535 198942
2540 182707
2545 190382
2550 212388
2555 211123
2560 196680
2565 200837
2570 216036
2575 241075
2580 239733
2585 238992
2590 273589
2595 285016
2600 264103
2605 290994
2610 331869
2615 341419
2620 331591
2625 332223
2630 367249
2635 410961
2640 425551
2645 404421
2650 451256
2655 509040
2660 492252
2665 439907
2670 508113
2675 525934
2680 525934
2685 463695
2690 433682
2695 453936
2700 429230
2705 358884
2710 360769
2715 366666
2720 324201
2725 268833
2730 295772
2735 295789
2740 292402
2745 265376
2750 235156
2755 245199
2760 224614
2765 195277
2770 205082
2775 209924
2780 190946
2785 163818
2790 169398
2795 183699
2800 184499
2805 167656
2810 151624
2815 168122
2820 159641
2825 134572
2830 154009
2835 160237
2840 150742
2845 128888
2850 134640
2855 147556
2860 147070
2865 133327
2870 132224
2875 144119
2880 141187
2885 119297
2890 138180
2895 146348
2900 139400
2905 139400
2910 119364
2915 144669
2920 136530
2925 134695
2930 145642
2935 147850
2940 137046
2945 141662
2950 156796
2955 157283
2960 154191
2965 141530
2970 156336
2975 169836
2980 162226
2985 166068
2990 182261
2995 187671
3000 176007
3005 189409
3010 215255
3015 218475
3020 213496
3025 212712
3030 233848
3035 258430
3040 258623
3045 269501
3050 322410
3055 338094
3060 321352
3065 364057
3070 425392
3075 431451
3080 437070
3085 452481
3090 504933
3095 538916
3100 516921
3105 497915
3110 518950
3115 484667
3120 406606
3125 391279
3130 391481
3135 396347
3140 362936
3145 292634
3150 291052
3155 274994
3160 236451
3165 213700
3170 219926
3175 218036
3180 186074
3185 168825
3190 171010
3195 181374
3200 174188
3205 156255
3210 151314
3215 154638
3220 140278
3225 127448
3230 137262
3235 136160
3240 123750
3245 120796
3250 118982
3255 125069
3260 120493
3265 110369
3270 109242
3275 116027
3280 104411
3285 97775
3290 109295
3295 111156
3300 111156
3305 98985
3310 100688
3315 107075
3320 103225
3325 94859
3330 98698
3335 105543
3340 99525
3345 91465
3350 104448
3355 104448
3360 106734
3365 97701
3370 99114
3375 107804
3380 104204
3385 98484
3390 106495
3395 112456
3400 107265
3405 104231
3410 116585
3415 117069
3420 118832
3425 111153
3430 117091
3435 127593
3440 125875
3445 122158
3450 139212
3455 143765
3460 136428
3465 131976
3470 136272
3475 156320
3480 156955
3485 151774
3490 161697
3495 179582
3500 178568
3505 171987
3510 199410
3515 209098
3520 196690
3525 196690
3530 190775
3535 221587
3540 228239
3545 208717
3550 222115
3555 238959
3560 239241
3565 212308
3570 230510
3575 239341
3580 227107
3585 224153
3590 194545
3595 214817
3600 219587
3605 185520
3610 192410
3615 200866
3620 191434
3625 163156
3630 172173
3635 181090
3640 179069
3645 165569
3650 152105
3655 160192
3660 162320
3665 147051
3670 138648
3675 152365
3680 144804
3685 122183
3690 134220
3695 134220
3700 139907
3705 125220
3710 122045
3715 130866
3720 132357
3725 119440
3730 118078
3735 128444
3740 126647
3745 109629
3750 120553
3755 120991
3760 130204
3765 119364
3770 119697
3775 128781
3780 123289
3785 118961
3790 126912
3795 133479
3800 124932
3805 122823
3810 124575
3815 138313
3820 141284
3825 131782
3830 139857
3835 152426
3840 144760
3845 140406
3850 162354
3855 169161
3860 161881
3865 159868
3870 167259
3875 186063
3880 189169
3885 184807
3890 198791
3895 220993
3900 220337
3905 221763
3910 262548
3915 280171
3920 270686
3925 270686
3930 294999
3935 346889
3940 354508
3945 354056
3950 388478
3955 431663
3960 428842
3965 410824
3970 455539
3975 454937
3980 454937
3985 402167
3990 362934
3995 380694
4000 337845
4005 293976
4010 295517
4015 285074
4020 251401
4025 228455
4030 234720
4035 233746
4040 224753
4045 194878
4050 182084
4055 191979
4060 177625
4065 156774
4070 168043
4075 165055
4080 145707
4085 134232
4090 134232
4095 149103
4100 141416
4105 128737
4110 129220
4115 135478
4120 130568
4125 120555
4130 125540
4135 128948
4140 117429
4145 114068
4150 114068
4155 126206
4160 121961
4165 111272
4170 117626
4175 123533
4180 118213
4185 111514
4190 118173
4195 124402
4200 111772
4205 111772
4210 113565
4215 125343
4220 126339
4225 115216
4230 124378
4235 130220
4240 121784
4245 121181
4250 135295
4255 138943
4260 138216
4265 127955
4270 133812
4275 149140
4280 149096
4285 142679
4290 156607
4295 171317
4300 159802
4305 164299
4310 188832
4315 196746
4320 196746
4325 189686
4330 205282
4335 230573
4340 234864
4345 233518
4350 259312
4355 293798
4360 300913
4365 307560
4370 361763
4375 361763
4380 389640
4385 379250
4390 395377
4395 459943
4400 446776
4405 417794
4410 436043
4415 435253
4420 387901
4425 337477
4430 330421
4435 348986
4440 326955
4445 284680
4450 257830
4455 261858
4460 227739
4465 204996
4470 212983
4475 211709
4480 189885
4485 170181
4490 171319
4495 181713
4500 174897
4505 157781
4510 149163
4515 157988
4520 145614
4525 129308
4530 142802
4535 143032
4540 128183
4545 128183
4550 120947
4555 132488
4560 123729
4565 115628
4570 121381
4575 126303
4580 119976
4585 113314
4590 121517
4595 122530
4600 122530
4605 112902
4610 109983
4615 121718
4620 119352
4625 110694
4630 118372
4635 127031
4640 122386
4645 116420
4650 127191
4655 135392
4660 134412
4665 123866
4670 122064
4675 138611
4680 140171
4685 132011
4690 149259
4695 156827
4700 151202
4705 149851
4710 170201
4715 171093
4720 178047
4725 172224
4730 183856
4735 206614
4740 211475
4745 204457
4750 231592
4755 266110
4760 263026
4765 266007
4770 266007
4775 323647
4780 354610
4785 358570
4790 421314
4795 479707
4800 497520
4805 509327
4810 566672
4815 656210
4820 630791
4825 630791
4830 596831
4835 642389
4840 622277
4845 523172
4850 472378
4855 454593
4860 391862
4865 347644
4870 357915
4875 341233
4880 289751
4885 284652
4890 263738
4895 276313
4900 266763
4905 234553
4910 222880
4915 234383
4920 204298
4925 191941
4930 208495
4935 204753
4940 204753
4945 182871
4950 177283
4955 188859
4960 176080
4965 164212
4970 169047
4975 177120
4980 166952
4985 153592
4990 171339
4995 171339
5000 173943
5005 158654
5010 154709
5015 170768
5020 163231
5025 154942
5030 164844
5035 173938
5040 164601
5045 157109
5050 177437
5055 177437
5060 179772
5065 168725
5070 165941
5075 184934
5080 187309
5085 173748
5090 192645
5095 204618
5100 196697
5105 191467
5110 191129
5115 220024
5120 227846
5125 215869
5130 222457
5135 251368
5140 255509
5145 248222
5150 290414
5155 304446
5160 290501
5165 290501
5170 293461
5175 349664
5180 369439
5185 364238
5190 404259
5195 454397
5200 468023
5205 478022
5210 565003
5215 642398
5220 643040
5225 643040
5230 684510
5235 825535
5240 914965
5245 930384
5250 1064102
5255 1174046
5260 1111467
5265 1058470
5270 1104644
5275 1088171
5280 1063546
5285 898023
5290 812638
5295 850790
5300 774129
5305 650148
5310 626913
5315 605261
5320 526229
5325 498647
5330 516537
5335 517393
5340 492077
5345 417072
5350 419440
5355 428665
5360 398896
5365 357958
5370 360678
5375 376441
5380 338705
5385 310523
5390 344138
5395 344138
5400 339707
5405 306100
5410 304902
5415 323043
5420 308036
5425 285501
5430 292703
5435 308962
5440 303253
5445 264139
5450 264139
5455 284960
5460 306875
5465 301829
5470 265211
5475 297911
5480 307819
5485 288308
5490 291345
5495 316184
5500 321357
5505 318148
5510 287295
5515 312261
5520 346959
5525 338919
5530 315219
5535 352205
5540 375241
5545 342397
5550 382373
5555 418142
5560 419931
5565 421080
5570 381014
5575 428735
5580 476303
5585 465250
5590 458317
5595 519459
5600 562191
5605 534453
5610 594243
5615 683044
5620 683044
5625 701388
5630 634359
5635 776026
5640 895107
5645 888947
5650 982261
5655 1166562
5660 1253215
5665 1248204
5670 1456200
5675 1476999
5680 1718557
5685 1653958
5690 1653958
5695 1730032
5700 1811528
5705 1400326
5710 1380403
5715 1359833
5720 1258195
5725 1039438
5730 977570
5735 960856
5740 933616
5745 848058
5750 734572
5755 753523
5760 710677
5765 618171
5770 597115
5775 590987
5780 525717
5785 491137
5790 489896
5795 516732
5800 497362
5805 430653
5810 426670
5815 445417
5820 412898
5825 377333
5830 389146
5835 400635
5840 353375
5845 353375
5850 343660
5855 374628
5860 371992
5865 336077
5870 335404
5875 353097
5880 324036
5885 311636
5890 332532
5895 339754
5900 338948
5905 310111
5910 306073
5915 335770
5920 335346
5925 307012
5930 308188
5935 338177
5940 321558
5945 311471
5950 341314
5955 347907
5960 349738
5965 328335
5970 333958
5975 365260
5980 361109
5985 338290
5990 367950
5995 396033
6000 373284
6005 389887
6010 435162
6015 435162
6020 447171
6025 419879
6030 430520
6035 500442
6040 496160
6045 502054
6050 567417
6055 603988
6060 602843
6065 629190
6070 641943
6075 745362
6080 799116
6085 764872
6090 842441
6095 1007571
6100 1088870
6105 1139125
6110 1304446
6115 1445951
6120 1392552
6125 1401491
6130 1424435
6135 1527348
6140 1442056
6145 1251547
6150 1112363
6155 1102186
6160 1002171
6165 812427
6170 794136
6175 739035
6180 644608
6185 618411
6190 582721
6195 590834
6200 548048
6205 473455
6210 462402
6215 475175
6220 438443
6225 399927
6230 404313
6235 399483
6240 399483
6245 346667
6250 333004
6255 360003
6260 353308
6265 311846
6270 320580
6275 324135
6280 301116
6285 283239
6290 296749
6295 307934
6300 299257
6305 267781
6310 275158
6315 291534
6320 293060
6325 264259
6330 267774
6335 287210
6340 272728
6345 255891
6350 278865
6355 283479
6360 284734
6365 262219
6370 263085
6375 290896
6380 294430
6385 272636
6390 266776
6395 306547
6400 285293
6405 282403
6410 282048
6415 322061
6420 331505
6425 310329
6430 321465
6435 359227
6440 356281
6445 344504
6450 369738
6455 404416
6460 402855
6465 393021
6470 400488
6475 468577
6480 497088
6485 479129
6490 517218
6495 601223
6500 613248
6505 619529
6510 697805
6515 794238
6520 821563
6525 820181
6530 883651
6535 1066278
6540 1172305
6545 1171695
6550 1178215
6555 1363182
6560 1353763
6565 1186674
6570 1196719
6575 1131160
6580 1119684
6585 947973
6590 841835
6595 826628
6600 759779
6605 645876
6610 597315
6615 610272
6620 555046
6625 480461
6630 484280
6635 485146
6640 465215
6645 408315
6650 381069
6655 402891
6660 370913
6665 336168
6670 340076
6675 346417
6680 324141
6685 294401
6690 305753
6695 311737
6700 307614
6705 276200
6710 245609
6715 285989
6720 276823
6725 255193
6730 262979
6735 270583
6740 253176
6745 237834
6750 235335
6755 256156
6760 259490
6765 234743
6770 237859
6775 258434
6780 254988
6785 231760
6790 240083
6795 254958
6800 238433
6805 232397
6810 228688
6815 252769
6820 258660
6825 239792
6830 243915
6835 267849
6840 269445
6845 255353
6850 253881
6855 283153
6860 271399
6865 270635
6870 263450
6875 298760
6880 307310
6885 284231
6890 307587
6895 335217
6900 330410
6905 321063
6910 347180
6915 376701
6920 383653
6925 367665
6930 370954
6935 423683
6940 444147
6945 417127
6950 460651
6955 519458
6960 505062
6965 519584
6970 570043
6975 600345
6980 628635
6985 621978
6990 625650
6995 728908
7000 753753
7005 710662
7010 760054
7015 820632
7020 811270
7025 758030
7030 755815
7035 816097
7040 816126
7045 728693
7050 687231
7055 724841
7060 679078
7065 593274
7070 589217
7075 614625
7080 578699
7085 495968
7090 471711
7095 524512
7100 518424
7105 462467
7110 439445
7115 461477
7120 429487
7125 400958
7130 406844
7135 416091
7140 388323
7145 366865
7150 357944
7155 391257
7160 383300
7165 344323
7170 339498
7175 374695
7180 353910
7185 329044
7190 326062
7195 351807
7200 364898
7205 359191
7210 335670
7215 326109
7220 360510
7225 349536
7230 322947
7235 338000
7240 363204
7245 353152
7250 330366
7255 367655
7260 371366
7265 374393
7270 341866
7275 352030
7280 390834
7285 389212
7290 368969
7295 391271
7300 434291
7305 431773
7310 414803
7315 412894
7320 478487
7325 496807
7330 461646
7335 480495
7340 554767
7345 573828
7350 571081
7355 635066
7360 704418
7365 695047
7370 680701
7375 728386
7380 850173
7385 941725
7390 901973
7395 1013143
7400 1184301
7405 1281819
7410 1289144
7415 1496008
7420 1574687
7425 1463627
7430 1438909
7435 1386914
7440 1450315
7445 1372680
7450 1170349
7455 1145637
7460 1044482
7465 906080
7470 850592
7475 850543
7480 742676
7485 698100
7490 665782
7495 681103
7500 644589
7505 553867
7510 547997
7515 554430
7520 503347
7525 452203
7530 470104
7535 475811
7540 464906
7545 414611
7550 414294
7555 436284
7560 416398
7565 357080
7570 384374
7575 397234
7580 358394
7585 352504
7590 373785
7595 369617
7600 362910
7605 324440
7610 341536
7615 366358
7620 347994
7625 313020
7630 335901
7635 358719
7640 334540
7645 328307
7650 356453
7655 363011
7660 356070
7665 322562
7670 331636
7675 367626
7680 366274
7685 343542
7690 360591
7695 388286
7700 378725
7705 361178
7710 369403
7715 410820
7720 425683
7725 394800
7730 408033
7735 457660
7740 461759
7745 459361
7750 499782
7755 537359
7760 522917
7765 510176
7770 541364
7775 614624
7780 648240
7785 600206
7790 676742
7795 794741
7800 824873
7805 838495
7810 999893
7815 1120769
7820 1129428
7825 1125735
7830 1219966
7835 1440771
7840 1542793
7845 1412607
7850 1468385
7855 1559452
7860 1391330
7865 1153506
7870 1100695
7875 978581
7880 955967
7885 803196
7890 740566
7895 739755
7900 683009
7905 553492
7910 545531
7915 537396
7920 489058
7925 461538
7930 503654
7935 531187
7940 533081
7945 480243
7950 483734
7955 524914
7960 506985
7965 440516
7970 438892
7975 444704
7980 399323
7985 371497
7990 379989
7995 391710
8000 387403
8005 343583
8010 336719
8015 361149
8020 358586
8025 317713
8030 324179
8035 340741
8040 309372
8045 308902
8050 310466
8055 335018
8060 345544
8065 321998
8070 328113
8075 358743
8080 342921
8085 314881
8090 330247
8095 360130
8100 343503
8105 332446
8110 324429
8115 362157
8120 368099
8125 333840
8130 341801
8135 389350
8140 377120
8145 363719
8150 392887
8155 416346
8160 405852
8165 390243
8170 405281
8175 444472
8180 443496
8185 396830
8190 428497
8195 467002
8200 545299
8205 554353
8210 553762
8215 618955
8220 662560
8225 698431
8230 686555
8235 712804
8240 868733
8245 938684
8250 913399
8255 1028832
8260 1198669
8265 1245040
8270 1283997
8275 1294937
8280 1404211
8285 1373287
8290 1202288
8295 1147638
8300 1178306
8305 1079817
8310 928120
8315 871784
8320 871018
8325 759678
8330 648062
8335 643398
8340 660185
8345 617178
8350 511281
8355 497978
8360 521412
8365 473267
8370 410663
8375 400310
8380 415083
8385 383210
8390 361434
8395 348974
8400 365706
8405 351972
8410 308625
8415 294176
8420 317209
8425 318466
8430 280408
8435 293519
8440 311389
8445 313182
8450 291694
8455 274466
8460 296321
8465 308381
8470 284901
8475 249075
8480 288349
8485 266632
8490 284323
8495 276711
8500 263683
8505 264276
8510 279122
8515 280946
8520 246846
8525 251098
8530 278833
8535 275206
8540 254544
8545 277447
8550 291319
8555 279701
8560 263158
8565 272482
8570 307427
8575 308856
8580 280504
8585 292311
8590 332053
8595 331528
8600 326437
8605 351735
8610 374019
8615 381678
8620 370733
8625 364688
8630 426731
8635 442563
8640 424917
8645 442741
8650 506854
8655 531175
8660 517885
8665 615387
8670 639594
8675 673022
8680 671345
8685 714358
8690 853636
8695 959321
8700 1040706
8705 1104175
8710 1071355
8715 1040884
8720 1122310
8725 1002494
8730 920855
8735 859240
8740 851204
8745 773849
8750 646027
8755 568520
8760 577832
8765 523324
8770 444571
8775 419306
8780 433560
8785 419386
8790 373550
8795 342574
8800 374577
8805 365277
8810 323967
8815 321630
8820 344745
8825 311923
8830 280779
8835 290397
8840 298033
8845 292456
8850 264819
8855 241546
8860 260169
8865 258264
8870 234542
8875 218528
8880 242386
8885 238797
8890 208988
8895 221282
8900 229924
8905 227518
8910 212081
8915 200819
8920 219648
8925 218688
8930 200930
8935 201373
8940 220526
8945 214448
8950 200133
8955 198133
8960 221979
8965 222791
8970 203384
8975 203739
8980 224479
8985 230007
8990 207781
8995 219210
9000 241034
9005 238428
9010 229807
9015 244638
9020 268628
9025 252380
9030 272781
9035 311976
9040 322820
9045 295789
9050 326692
9055 376936
9060 364452
9065 384584
9070 404358
9075 442112
9080 468249
9085 460951
9090 505741
9095 583484
9100 615230
9105 591847
9110 653727
9115 768789
9120 788534
9125 769022
9130 813595
9135 908963
9140 961037
9145 894519
9150 849179
9155 905481
9160 840377
9165 723912
9170 681905
9175 676957
9180 646508
9185 590497
9190 499602
9195 526232
9200 511374
9205 453063
9210 470036
9215 536035
9220 536084
9225 491522
9230 499471
9235 526593
9240 517307
9245 478000
9250 440666
9255 471722
9260 451685
9265 369820
9270 409709
9275 424508
9280 397876
9285 348042
9290 380087
9295 384948
9300 373656
9305 340256
9310 336812
9315 358600
9320 343607
9325 295634
9330 329814
9335 345636
9340 328534
9345 296283
9350 305952
9355 334174
9360 330231
9365 298884
9370 303734
9375 326181
9380 332056
9385 289085
9390 316412
9395 337277
9400 327662
9405 302897
9410 305492
9415 331181
9420 346029
9425 305882
9430 333546
9435 362497
9440 352712
9445 324961
9450 330228
9455 341399
9460 314489
9465 301772
9470 311620
9475 344593
9480 361578
9485 320046
9490 354104
9495 401285
9500 420455
9505 399621
9510 432807
9515 490299
9520 502465
9525 485269
9530 494888
9535 568515
9540 612695
9545 598604
9550 679661
9555 774887
9560 801517
9565 794291
9570 940549
9575 1054823
9580 1083537
9585 1039812
9590 1121740
9595 1259014
9600 1226044
9605 1069373
9610 1045330
9615 1018964
9620 875839
9625 754945
9630 759758
9635 753960
9640 724820
9645 572038
9650 585196
9655 567624
9660 515242
9665 425177
9670 446261
9675 451778
9680 396018
9685 347976
9690 344646
9695 352727
9700 342319
9705 301581
9710 293517
9715 298717
9720 290827
9725 258442
9730 256521
9735 268292
9740 254310
9745 223887
9750 236496
9755 247807
9760 241303
9765 206081
9770 217701
9775 233783
9780 220220
9785 202495
9790 205323
9795 211584
9800 224882
9805 223781
9810 209637
9815 198488
9820 221734
9825 222500
9830 196930
9835 204146
9840 224662
9845 210479
9850 203892
9855 220268
9860 229936
9865 229090
9870 216806
9875 214064
9880 238675
9885 244153
9890 228957
9895 227934
9900 253591
9905 266856
9910 248507
9915 238991
9920 265945
9925 294613
9930 291420
9935 279671
9940 315685
9945 343978
9950 331038
9955 357252
9960 403242
9965 421544
9970 417089
9975 429835
9980 510804
9985 567271
9990 583185
9995 575190
10000 686351
