30 252946
40 256315
50 255538
60 246614
70 250649
80 253079
90 252072
100 248586
110 248014
120 247452
130 249396
140 103470
150 100152
160 78556
170 78818
180 78197
190 74426
200 70291
210 74948
220 77785
230 89736
240 100224
250 112340
260 122688
270 137856
280 155919
290 169465
300 190167
310 188550
320 222028
330 222028
340 222175
350 237261
360 245563
370 253029
380 248483
390 255951
400 274885
410 287993
420 329000
430 331510
440 356608
450 349083
460 349083
470 385433
480 367055
490 392305
500 424949
510 406347
520 431650
530 413884
540 459526
550 445527
560 459184
570 489596
580 532257
590 512699
600 531893
610 560565
620 606448
630 587066
640 640586
650 635872
660 713740
670 713740
680 682413
690 734145
700 775524
710 739366
720 770325
730 766673
740 766149
750 741217
760 753779
770 687139
780 712533
790 712533
800 652616
810 682928
820 633399
830 624357
840 622619
850 599601
860 608927
870 595910
880 614784
890 576697
900 584302
910 624179
920 610389
930 669091
940 656537
950 713187
960 788579
970 791898
980 893639
990 878860
1000 997525
1010 997525
1020 995439
1030 1054191
1040 1101093
1050 1030505
1060 1043046
1070 1024922
1080 950571
1090 819592
1100 824929
1110 719412
1120 720714
1130 720714
1140 629267
1150 607955
1160 570725
1170 546059
1180 527725
1190 515843
1200 502697
1210 495780
1220 498308
1230 469089
1240 469089
1250 513198
1260 477880
1270 526133
1280 523734
1290 539704
1300 578234
1310 592049
1320 650603
1330 664044
1340 747075
1350 771562
1360 776642
1370 889836
1380 914352
1390 996743
1400 989083
1410 982025
1420 930053
1430 817558
1440 765527
1450 675938
1460 663978
1470 630087
1480 547443
1490 501951
1500 458014
1510 436243
1520 401907
1530 383909
1540 361278
1550 341422
1560 331804
1570 310885
1580 310885
1590 314526
1600 295041
1610 296155
1620 294030
1630 291723
1640 294599
1650 294813
1660 299817
1670 302258
1680 315130
1690 318118
1700 319521
1710 341270
1720 347980
1730 375439
1740 398152
1750 435235
1760 471554
1770 502951
1780 552155
1790 580541
1800 584705
1810 643886
1820 665523
1830 685859
1840 666822
1850 638413
1860 579142
1870 533153
1880 474668
1890 412932
1900 388608
1910 350000
1920 350000
1930 332046
1940 304057
1950 287897
1960 271811
1970 260067
1980 250877
1990 243834
2000 236480
2010 229384
2020 230187
2030 230187
2040 225340
2050 231820
2060 218793
2070 238913
2080 231477
2090 238802
2100 248301
2110 254452
2120 271616
2130 277730
2140 276091
2150 313062
2160 310319
2170 359532
2180 369058
2190 424377
2200 441373
2210 513697
2220 583325
2230 590040
2240 625577
2250 587515
2260 577211
2270 553835
2280 480806
2290 450051
2300 389575
2310 362188
2320 324227
2330 305334
2340 275407
2350 238829
2360 237950
2370 237950
2380 207495
2390 212352
2400 188766
2410 189210
2420 177616
2430 174864
2440 170574
2450 168477
2460 167744
2470 162734
2480 158113
2490 175351
2500 158771
2510 177678
2520 164114
2530 184477
2540 182851
2550 190737
2560 206046
2570 207645
2580 227750
2590 236126
2600 237634
2610 275095
2620 282550
2630 328539
2640 343927
2650 396007
2660 421003
2670 477598
2680 508013
2690 482847
2700 464941
2710 464452
2720 409758
2730 381389
2740 312167
2750 284005
2760 254268
2770 235563
2780 214767
2790 203711
2800 187734
2810 164246
2820 164246
2830 172086
2840 149321
2850 159397
2860 141943
2870 145387
2880 140351
2890 137850
2900 138986
2910 138173
2920 140892
2930 144245
2940 136558
2950 148089
2960 139469
2970 154912
2980 148308
2990 166371
3000 169854
3010 180342
3020 203596
3030 211901
3040 240878
3050 254034
3060 257687
3070 317954
3080 352337
3090 422049
3100 454878
3110 522258
3120 519246
3130 465196
3140 389863
3150 317991
3160 317991
3170 285521
3180 235535
3190 224582
3200 186339
3210 172905
3220 155455
3230 145873
3240 135911
3250 132142
3260 122976
3270 126061
3280 107929
3290 116289
3300 101902
3310 110168
3320 98732
3330 102543
3340 102224
3350 99150
3360 100466
3370 98636
3380 102738
3390 106263
3400 100473
3410 111839
3420 104839
3430 115649
3440 110975
3450 126635
3460 129534
3470 132683
3480 147088
3490 152428
3500 151632
3510 175139
3520 170761
3530 199303
3540 202389
3550 220171
3560 222214
3570 236642
3580 226983
3590 230699
3600 220010
3610 227120
3620 194805
3630 205667
3640 172039
3650 183798
3660 161339
3670 158336
3680 150024
3690 145105
3700 139465
3710 135130
3720 131742
3730 130493
3740 126238
3750 125970
3760 122823
3770 123528
3780 124187
3790 126407
3800 126557
3810 129558
3820 134068
3830 137249
3840 137636
3850 143026
3860 149020
3870 159014
3880 165918
3890 180062
3900 191516
3910 214812
3920 234959
3930 273693
3940 312357
3950 320178
3960 359035
3970 395660
3980 429894
3990 424092
4000 400906
4010 358854
4020 322494
4030 275783
4040 247753
4050 222963
4060 195196
4070 185672
4080 175033
4090 161114
4100 153788
4110 141738
4120 138017
4130 130784
4140 125972
4150 122983
4160 120302
4170 119684
4180 121005
4190 117009
4200 119689
4210 116826
4220 120241
4230 120625
4240 124483
4250 123714
4260 129267
4270 136448
4280 143771
4290 145869
4300 136754
4310 161678
4320 156180
4330 192511
4340 187356
4350 228447
4360 221752
4370 283541
4380 297286
4390 357291
4400 344786
4410 437931
4420 413864
4430 446612
4440 355623
4450 350558
4460 264140
4470 247411
4480 210101
4490 201081
4500 174799
4510 167300
4520 142113
4530 161760
4540 125304
4550 145981
4560 116347
4570 134441
4580 105966
4590 120537
4600 118093
4610 111298
4620 113151
4630 124027
4640 110371
4650 119904
4660 113660
4670 132924
4680 116341
4690 139269
4700 121188
4710 152544
4720 155219
4730 164581
4740 161015
4750 195185
4760 211979
4770 233903
4780 277920
4790 312960
4800 388065
4810 442109
4820 546220
4830 590839
4840 660074
4850 585137
4860 572833
4870 442970
4880 403644
4890 337891
4900 305262
4910 266409
4920 244355
4930 220546
4940 205608
4950 194503
4960 188207
4970 181642
4980 180907
4990 171264
5000 170286
5010 161372
5020 168070
5030 159987
5040 166525
5050 164846
5060 167733
5070 172435
5080 178885
5090 176821
5100 185214
5110 188881
5120 204105
5130 212852
5140 228876
5150 234208
5160 262312
5170 281300
5180 318950
5190 371435
5200 386428
5210 408361
5220 484103
5230 547627
5240 676643
5250 790906
5260 987929
5270 1083867
5280 1148376
5290 927185
5300 894889
5310 841061
5320 727134
5330 634499
5340 522241
5350 510163
5360 438164
5370 427172
5380 374852
5390 355467
5400 337935
5410 325725
5420 315094
5430 316829
5440 306137
5450 301548
5460 282183
5470 305796
5480 274342
5490 307526
5500 278620
5510 317642
5520 314799
5530 317779
5540 310762
5550 351129
5560 353473
5570 394589
5580 383319
5590 456128
5600 459170
5610 528717
5620 542679
5630 642748
5640 663798
5650 817730
5660 841783
5670 1101287
5680 1171208
5690 1535000
5700 1632176
5710 1777062
5720 1449610
5730 1334113
5740 1102192
5750 962574
5760 814074
5770 781976
5780 656872
5790 610771
5800 493248
5810 512557
5820 430616
5830 448779
5840 387059
5850 384011
5860 364313
5870 373417
5880 344689
5890 344203
5900 333514
5910 335576
5920 313475
5930 333771
5940 311608
5950 337165
5960 308130
5970 347203
5980 340738
5990 366006
6000 350527
6010 382680
6020 373850
6030 416803
6040 423727
6050 492279
6060 497605
6070 594801
6080 629112
6090 764416
6100 793383
6110 903324
6120 1076003
6130 1380375
6140 1395062
6150 1518459
6160 1220380
6170 1118970
6180 837531
6190 713885
6200 604424
6210 596047
6220 552592
6230 473478
6240 431806
6250 407014
6260 348533
6270 357191
6280 317221
6290 325952
6300 287683
6310 296800
6320 287807
6330 290738
6340 274209
6350 276275
6360 268617
6370 277390
6380 266614
6390 290195
6400 269873
6410 303074
6420 289544
6430 320020
6440 313208
6450 343508
6460 345546
6470 390278
6480 388043
6490 453917
6500 468547
6510 578041
6520 628292
6530 785247
6540 881111
6550 1047509
6560 1091706
6570 1280491
6580 1293647
6590 1211276
6600 926139
6610 837905
6620 664687
6630 608017
6640 493934
6650 442440
6660 401844
6670 400339
6680 372692
6690 348281
6700 322663
6710 307536
6720 271591
6730 286755
6740 243391
6750 269812
6760 241645
6770 247779
6780 234084
6790 248898
6800 238533
6810 248319
6820 233248
6830 247392
6840 242732
6850 264308
6860 255585
6870 278501
6880 256233
6890 303472
6900 292104
6910 320457
6920 311499
6930 366516
6940 332794
6950 425154
6960 396316
6970 501665
6980 527269
6990 599439
7000 644207
7010 726371
7020 706414
7030 736732
7040 777206
7050 828924
7060 695060
7070 736041
7080 586606
7090 628940
7100 501406
7110 471670
7120 421677
7130 450300
7140 423049
7150 411135
7160 382454
7170 384545
7180 336210
7190 373448
7200 325957
7210 363451
7220 306850
7230 361115
7240 343557
7250 348159
7260 329593
7270 356867
7280 341316
7290 373330
7300 366474
7310 407069
7320 430677
7330 443710
7340 495222
7350 495212
7360 513690
7370 589960
7380 699613
7390 751001
7400 934479
7410 971511
7420 1259903
7430 1295447
7440 1482931
7450 1364871
7460 1385405
7470 1270619
7480 1036788
7490 900344
7500 766355
7510 608049
7520 609075
7530 510163
7540 505199
7550 444931
7560 449137
7570 389335
7580 403203
7590 384106
7600 374133
7610 361227
7620 357990
7630 344063
7640 356139
7650 329067
7660 353627
7670 327399
7680 359975
7690 358926
7700 352125
7710 363902
7720 389082
7730 376367
7740 416560
7750 422611
7760 479833
7770 502244
7780 570128
7790 596100
7800 697232
7810 700499
7820 757533
7830 928131
7840 1238970
7850 1310613
7860 1588655
7870 1388554
7880 1332691
7890 960749
7900 831339
7910 714722
7920 624224
7930 548797
7940 505531
7950 475142
7960 487715
7970 519105
7980 431982
7990 457731
8000 358860
8010 394717
8020 330264
8030 342671
8040 314276
8050 333968
8060 294946
8070 328341
8080 318264
8090 341729
8100 313235
8110 358103
8120 311926
8130 368662
8140 315975
8150 322510
8160 370001
8170 403728
8180 381444
8190 439725
8200 409461
8210 500246
8220 495837
8230 626418
8240 640422
8250 819645
8260 815412
8270 869789
8280 1099179
8290 1268924
8300 1189512
8310 1265207
8320 963814
8330 967917
8340 715454
8350 711220
8360 527909
8370 536679
8380 478338
8390 430739
8400 391830
8410 360279
8420 329769
8430 322211
8440 260319
8450 310669
8460 256418
8470 313790
8480 262895
8490 277477
8500 261668
8510 276810
8520 247668
8530 270897
8540 252259
8550 272294
8560 250349
8570 290875
8580 269433
8590 313874
8600 304968
8610 282224
8620 326085
8630 383261
8640 361748
8650 434192
8660 426722
8670 531087
8680 538531
8690 703491
8700 707305
8710 811400
8720 955195
8730 1034203
8740 1081492
8750 953114
8760 768227
8770 645328
8780 453970
8790 472229
8800 354644
8810 384872
8820 360669
8830 335151
8840 306339
8850 297812
8860 275365
8870 259979
8880 246708
8890 232439
8900 237891
8910 212315
8920 225731
8930 205771
8940 206331
8950 218649
8960 208088
8970 206962
8980 214718
8990 211049
9000 218945
9010 220838
9020 238730
9030 250369
9040 280865
9050 282603
9060 299833
9070 329678
9080 355439
9090 419299
9100 506910
9110 540606
9120 645025
9130 705653
9140 846063
9150 867615
9160 909559
9170 910422
9180 816609
9190 736821
9200 606794
9210 544353
9220 491011
9230 493883
9240 528447
9250 500079
9260 486017
9270 414390
9280 414390
9290 409777
9300 390959
9310 367286
9320 358417
9330 346281
9340 344326
9350 320840
9360 335405
9370 300098
9380 322042
9390 320473
9400 312789
9410 323874
9420 321742
9430 316838
9440 342608
9450 326731
9460 348244
9470 319790
9480 342185
9490 325000
9500 341579
9510 378985
9520 382755
9530 437505
9540 459953
9550 518484
9560 672050
9570 694249
9580 888483
9590 931548
9600 1186125
9610 1099275
9620 1124220
9630 1067390
9640 919248
9650 757635
9660 615303
9670 568335
9680 474570
9690 446376
9700 351685
9710 356868
9720 277300
9730 277300
9740 298440
9750 258149
9760 237229
9770 240603
9780 226862
9790 227843
9800 209972
9810 217819
9820 207191
9830 223288
9840 221004
9850 201509
9860 219659
9870 203131
9880 214427
9890 234017
9900 216315
9910 248341
9920 229102
9930 281983
9940 262363
9950 321068
9960 309732
9970 325161
9980 379081
9990 404248
10000 499681
