110 6466
120 2072
130 2841
140 6216
150 5837
160 6123
170 10473
180 9545
190 11793
200 13216
210 17090
220 19424
230 21109
240 25474
250 31248
260 38002
270 47863
280 57402
290 69061
300 90542
310 112367
320 124131
330 118857
340 112290
350 105593
360 98737
370 90794
380 87456
390 85708
400 84178
410 86517
420 89503
430 92810
440 98138
450 109164
460 118225
470 130168
480 146580
490 163691
500 191847
510 230299
520 259689
530 291635
540 323346
550 341191
560 360239
570 372214
580 390887
590 399967
600 423661
610 440587
620 461841
630 463975
640 436384
650 383916
660 321159
670 269609
680 226217
690 189885
700 160142
710 136593
720 124288
730 113812
740 105907
750 99937
760 95384
770 91562
780 89359
790 89252
800 89455
810 91024
820 94606
830 101216
840 111295
850 122227
860 138867
870 158836
880 183600
890 205468
900 219059
910 194785
920 158409
930 128042
940 105729
950 88831
960 78140
970 67248
980 58097
990 53325
1000 49872
1010 47477
1020 44927
1030 42625
1040 41154
1050 41060
1060 41167
1070 41763
1080 42716
1090 44123
1100 47773
1110 53224
1120 58556
1130 65541
1140 75203
1150 88970
1160 108836
1170 121678
1180 120284
1190 100710
1200 79803
1210 63057
1220 51977
1230 42241
1240 35362
1250 31822
1260 28645
1270 26184
1280 24230
1290 23127
1300 21984
1310 21171
1320 20708
1330 20461
1340 20403
1350 20571
1360 21223
1370 22589
1380 23980
1390 25741
1400 27684
1410 31431
1420 35908
1430 42291
1440 49660
1450 49810
1460 45747
1470 37230
1480 29599
1490 23164
1500 18353
1510 15905
1520 13869
1530 12572
1540 11607
1550 10995
1560 10436
1570 10234
1580 10034
1590 10306
1600 10526
1610 11069
1620 12269
1630 13814
1640 16489
1650 18980
1660 22103
1670 27382
1680 33391
1690 44438
1700 62321
1710 75358
1720 82605
1730 78409
1740 67700
1750 58752
1760 50096
1770 45065
1780 42539
1790 41420
1800 40570
1810 40178
1820 40925
1830 42478
1840 44757
1850 47077
1860 50481
1870 54289
1880 59654
1890 68691
1900 80507
1910 92345
1920 107488
1930 128625
1940 154421
1950 187969
1960 242944
1970 286921
1980 304935
1990 291110
2000 255929
2010 223951
2020 184103
2030 156698
2040 141015
2050 128016
2060 116012
2070 108533
2080 101811
2090 94230
2100 89168
2110 86694
2120 85390
2130 85119
2140 85974
2150 88423
2160 94854
2170 104526
2180 115518
2190 132827
2200 154359
2210 180103
2220 203438
2230 178274
2240 140580
2250 110298
2260 88015
2270 72764
2280 60912
2290 51216
2300 44896
2310 41733
2320 38907
2330 37234
2340 36365
2350 36364
2360 37703
2370 40140
2380 43765
2390 49024
2400 57254
2410 66834
2420 67856
2430 49886
2440 35565
2450 24793
2460 18738
2470 14421
2480 11344
2490 8654
2500 7117
2510 6362
2520 5415
2530 4615
2540 3911
2550 3459
2560 3164
2570 2911
2580 2465
2590 2088
2600 2110
2610 2274
2620 1804
2630 1591
2640 1560
2650 1552
2660 1561
2670 1663
2680 1846
2690 1215
2700 1219
2710 1078
2720 1119
2730 1157
2740 1024
2750 1053
2760 1099
2770 1037
2780 1005
2790 932
2800 825
2810 920
2820 669
2830 829
2840 897
2850 949
2860 997
2870 916
2880 814
2890 857
2900 1000
2910 1183
2920 1168
2930 1028
2940 1004
2950 1221
2960 1210
2970 1150
2980 1088
2990 1057
3000 1217
3010 1261
3020 1299
3030 1345
3040 1263
3050 1384
3060 1561
3070 1717
3080 1923
3090 2217
3100 2166
3110 2190
3120 2390
3130 2505
3140 2642
3150 3021
3160 3317
3170 3605
3180 4000
3190 4377
3200 4675
3210 5355
3220 6225
3230 7215
3240 8284
3250 9389
3260 10777
3270 12161
3280 15777
3290 19637
3300 24559
3310 30237
3320 38569
3330 50524
3340 65021
3350 97698
3360 141462
3370 173383
3380 197498
3390 209445
3400 204088
3410 208152
3420 220439
3430 240884
3440 265330
3450 295161
3460 313396
3470 320157
3480 276218
3490 234050
3500 206281
3510 184597
3520 167982
3530 158852
3540 152433
3550 149238
3560 151447
3570 155792
3580 164392
3590 176969
3600 190991
3610 223015
3620 262581
3630 293468
3640 318414
3650 324777
3660 294682
3670 254279
3680 198858
3690 166122
3700 148516
3710 134035
3720 123765
3730 116982
3740 111389
3750 108795
3760 108552
3770 109481
3780 113174
3790 116544
3800 124655
3810 138079
3820 156932
3830 175592
3840 201824
3850 237481
3860 267800
3870 310932
3880 314248
3890 280995
3900 242163
3910 207252
3920 181566
3930 159550
3940 140378
3950 128274
3960 121842
3970 116829
3980 113943
3990 111994
4000 112820
4010 115185
4020 120089
4030 125659
4040 134405
4050 142955
4060 158369
4070 185224
4080 220339
4090 250779
4100 284652
4110 312966
4120 310270
4130 290494
4140 231923
4150 193174
4160 168793
4170 150210
4180 137583
4190 125976
4200 117881
4210 110050
4220 106504
4230 104252
4240 103873
4250 103669
4260 106298
4270 111070
4280 118111
4290 125513
4300 135925
4310 146429
4320 164463
4330 187324
4340 218929
4350 241832
4360 247731
4370 240119
4380 214889
4390 187276
4400 158335
4410 133203
4420 117537
4430 106999
4440 99455
4450 92396
4460 87424
4470 82486
4480 80316
4490 78939
4500 79015
4510 79365
4520 81410
4530 84418
4540 91012
4550 98086
4560 107107
4570 118397
4580 127887
4590 139835
4600 137530
4610 126161
4620 106074
4630 88172
4640 75344
4650 63600
4660 54689
4670 46611
4680 41905
4690 38551
4700 36174
4710 34284
4720 33424
4730 32622
4740 32884
4750 33731
4760 35582
4770 37781
4780 41064
4790 46219
4800 52574
4810 55265
4820 52306
4830 45631
4840 37095
4850 29769
4860 24640
4870 20007
4880 16916
4890 14957
4900 13721
4910 12693
4920 12129
4930 11747
4940 11620
4950 11896
4960 12849
4970 13659
4980 14816
4990 15784
5000 15004
5010 12854
5020 10326
5030 8620
5040 7021
5050 5918
5060 5433
5070 5028
5080 4437
5090 4494
5100 4605
5110 4967
5120 4872
5130 5567
5140 5210
5150 4388
5160 3648
5170 2965
5180 2238
5190 2043
5200 1893
5210 1805
5220 1537
5230 1455
5240 1355
5250 1309
5260 1361
5270 1262
5280 1371
5290 1233
5300 1142
5310 1122
5320 1008
5330 1187
5340 1042
5350 1154
5360 1224
5370 1179
5380 1104
5390 1061
5400 1025
5410 1007
5420 1127
5430 1081
5440 1046
5450 964
5460 1262
5470 1148
5480 1055
5490 1067
5500 1146
5510 1093
5520 1177
5530 1158
5540 1034
5550 1161
5560 1067
5570 1109
5580 1297
5590 1468
5600 1234
5610 1115
5620 1208
5630 1237
5640 1185
5650 1061
5660 1114
5670 1226
5680 1087
5690 1382
5700 1286
5710 1192
5720 1209
5730 1242
5740 1159
5750 1173
5760 1110
5770 1202
5780 1097
5790 994
5800 1240
5810 1094
5820 1068
5830 1175
5840 1046
5850 1261
5860 1080
5870 1281
5880 1149
5890 1109
5900 1126
5910 1082
5920 1176
5930 1238
5940 1249
5950 1351
5960 1211
5970 1034
5980 1400
5990 1261
6000 933
6010 1089
6020 1319
6030 1059
6040 1418
6050 1305
6060 1188
6070 1222
6080 1198
6090 967
6100 1060
6110 993
6120 1254
6130 1242
6140 1293
6150 1198
6160 1122
6170 1376
6180 1261
6190 1115
6200 1120
6210 1207
6220 1288
6230 1104
6240 1314
6250 1193
6260 1352
6270 1323
6280 1171
6290 1173
6300 1251
6310 1080
6320 1228
6330 1301
6340 1238
6350 1147
6360 1144
6370 1176
6380 1100
6390 1115
6400 1113
6410 1240
6420 1170
6430 1210
6440 1155
6450 1384
6460 1321
6470 1264
6480 1045
6490 1177
6500 1314
6510 1174
6520 1135
6530 993
6540 1075
6550 960
6560 903
6570 735
6580 1010
6590 651
6600 712
6610 996
6620 1155
6630 1901
6640 2934
6650 4916
6660 7166
6670 10861
6680 14626
6690 18968
6700 20973
6710 23251
6720 25390
6730 27992
6740 28236
6750 27802
6760 24511
6770 22290
6780 19815
6790 18289
6800 17541
6810 17619
6820 17572
6830 18706
6840 20314
6850 22907
6860 23911
6870 24346
6880 21791
6890 19988
6900 16981
6910 14920
6920 13423
6930 12469
6940 12112
6950 11944
6960 12084
6970 12358
6980 13312
6990 14470
7000 17172
7010 19467
7020 22144
7030 24947
7040 25577
7050 25164
7060 21613
7070 19390
7080 17313
7090 15835
7100 14866
7110 14039
7120 13581
7130 13055
7140 13310
7150 13536
7160 14461
7170 14802
7180 16688
7190 18251
7200 20490
7210 23179
7220 24946
7230 26614
7240 24965
7250 22892
7260 19045
7270 16828
7280 14818
7290 13736
7300 12512
7310 11963
7320 11671
7330 11559
7340 11622
7350 11821
7360 12959
7370 13828
7380 15354
7390 17364
7400 19772
7410 22530
7420 25026
7430 27253
7440 26554
7450 25044
7460 21841
7470 19485
7480 17760
7490 16158
7500 15106
7510 14398
7520 13857
7530 13456
7540 13837
7550 13769
7560 14291
7570 14886
7580 15794
7590 17454
7600 18811
7610 20590
7620 21886
7630 22865
7640 21586
7650 19754
7660 17170
7670 15426
7680 13607
7690 12723
7700 12258
7710 11595
7720 11333
7730 11466
7740 11536
7750 12122
7760 12940
7770 13729
7780 15188
7790 17092
7800 18398
7810 19373
7820 18866
7830 18330
7840 16656
7850 14602
7860 12962
7870 11485
7880 10560
7890 9949
7900 9288
7910 8486
7920 8323
7930 8097
7940 8078
7950 8226
7960 7738
7970 7346
7980 6859
7990 6459
8000 5302
8010 4696
8020 4627
8030 4543
8040 4218
8050 4302
8060 4271
8070 4012
8080 3935
8090 3244
8100 2422
8110 1829
8120 1776
8130 1595
8140 1718
8150 1528
8160 1556
8170 1336
8180 1340
8190 1517
8200 1289
8210 1485
8220 1477
8230 1414
8240 1383
8250 1553
8260 1431
8270 1326
8280 1417
8290 1458
8300 1465
8310 1505
8320 1650
8330 1442
8340 1455
8350 1418
8360 1382
8370 1426
8380 1524
8390 1486
8400 1598
8410 1673
8420 1591
8430 1627
8440 1506
8450 1507
8460 1323
8470 1449
8480 1565
8490 1472
8500 1434
8510 1465
8520 1324
8530 1489
8540 1499
8550 1565
8560 1565
8570 1301
8580 1468
8590 1444
8600 1429
8610 1383
8620 1439
8630 1504
8640 1520
8650 1384
8660 1405
8670 1506
8680 1488
8690 1477
8700 1539
8710 1548
8720 1323
8730 1427
8740 1576
8750 1530
8760 1585
8770 1493
8780 1524
8790 1359
8800 1532
8810 1514
8820 1548
8830 1425
8840 1461
8850 1620
8860 1478
8870 1483
8880 1606
8890 1561
8900 1599
8910 1570
8920 1506
8930 1483
8940 1601
8950 1371
8960 1489
8970 1551
8980 1665
8990 1602
9000 1306
9010 1419
9020 1687
9030 1679
9040 1616
9050 1420
9060 1612
9070 1291
9080 1410
9090 1475
9100 1334
9110 1649
9120 1754
9130 1611
9140 1554
9150 1601
9160 1501
9170 1459
9180 1501
9190 1512
9200 1408
9210 1576
9220 1618
9230 1601
9240 1651
9250 1524
9260 1665
9270 1656
9280 1717
9290 1620
9300 1581
9310 1407
9320 1579
9330 1596
9340 1662
9350 1676
9360 4496
9370 3484
9380 1495
9390 1409
9400 1551
9410 1536
9420 1621
9430 1621
9440 1689
9450 1706
9460 1532
9470 1493
9480 1542
9490 1573
9500 1584
9510 1640
9520 1490
9530 1701
9540 1609
9550 1617
9560 1674
9570 1603
9580 1421
9590 1703
9600 1780
9610 1652
9620 1531
9630 1566
9640 1638
9650 1670
9660 1606
9670 1634
9680 1633
9690 1535
9700 1554
9710 1569
9720 1640
9730 1653
9740 1700
9750 1576
9760 1623
9770 1521
9780 1680
9790 1620
9800 1577
9810 1568
9820 1622
9830 1545
9840 1362
9850 1370
9860 1408
9870 1372
9880 1176
9890 972
9900 817
9910 896
9920 1547
9930 2606
9940 4030
9950 5845
9960 8903
9970 13072
9980 14761
9990 15645
10000 16067
