110 5996
120 5117
130 6643
140 6059
150 7444
160 6476
170 8181
180 9681
190 11914
200 11250
210 12014
220 15075
230 16954
240 20687
250 23253
260 23720
270 27853
280 31825
290 36171
300 45138
310 60352
320 70996
330 91185
340 114829
350 153604
360 211402
370 288344
380 304074
390 268830
400 216442
410 183566
420 167080
430 149511
440 137944
450 139765
460 136572
470 138773
480 143571
490 147227
500 159459
510 176292
520 184840
530 201413
540 215552
550 223491
560 237886
570 245465
580 233506
590 229979
600 218447
610 208819
620 206657
630 196274
640 189516
650 193740
660 196415
670 202421
680 219001
690 242706
700 277690
710 340977
720 406603
730 503377
740 566130
750 532323
760 368676
770 250226
780 196253
790 155774
800 133162
810 110814
820 95459
830 83124
840 73801
850 69716
860 64787
870 60667
880 58984
890 54239
900 51733
910 51646
920 50312
930 49149
940 50432
950 50736
960 50864
970 54224
980 55235
990 59336
1000 63681
1010 67298
1020 78071
1030 94733
1040 109894
1050 140589
1060 179879
1070 226763
1080 260225
1090 189499
1100 127810
1110 97550
1120 76242
1130 62686
1140 55080
1150 45231
1160 38835
1170 35869
1180 32685
1190 30075
1200 29056
1210 26535
1220 24137
1230 24011
1240 23275
1250 22891
1260 22622
1270 21737
1280 22008
1290 22857
1300 22422
1310 23477
1320 24482
1330 25057
1340 27595
1350 31796
1360 33990
1370 39210
1380 47004
1390 57504
1400 74725
1410 100523
1420 108219
1430 82847
1440 57151
1450 41470
1460 33388
1470 25370
1480 20151
1490 18162
1500 16073
1510 14324
1520 13462
1530 12327
1540 11426
1550 11062
1560 10556
1570 10631
1580 10724
1590 10640
1600 11385
1610 12124
1620 12654
1630 13807
1640 14992
1650 16468
1660 19114
1670 22317
1680 26181
1690 32483
1700 37841
1710 46276
1720 59690
1730 78009
1740 117052
1750 165408
1760 182849
1770 167289
1780 135475
1790 107445
1800 90493
1810 81408
1820 73697
1830 71499
1840 70034
1850 66865
1860 68811
1870 68779
1880 69306
1890 72345
1900 74486
1910 77146
1920 83197
1930 87807
1940 92435
1950 102312
1960 106970
1970 115871
1980 124168
1990 130226
2000 144839
2010 161599
2020 170384
2030 187903
2040 205528
2050 220982
2060 259853
2070 317093
2080 362482
2090 433057
2100 520604
2110 571700
2120 571726
2130 447490
2140 326695
2150 265303
2160 216002
2170 181273
2180 161967
2190 134812
2200 115733
2210 109409
2220 100958
2230 93525
2240 89753
2250 82862
2260 80343
2270 78445
2280 75936
2290 74932
2300 75606
2310 73284
2320 75842
2330 80054
2340 79961
2350 84630
2360 89498
2370 94621
2380 105877
2390 119679
2400 138078
2410 170349
2420 201669
2430 252447
2440 336602
2450 436239
2460 398567
2470 294256
2480 212086
2490 160269
2500 135063
2510 110510
2520 94607
2530 83390
2540 73782
2550 69467
2560 66353
2570 60635
2580 58379
2590 57025
2600 53465
2610 53282
2620 52767
2630 51919
2640 53823
2650 53802
2660 54246
2670 58057
2680 59238
2690 61620
2700 67476
2710 73445
2720 80879
2730 94595
2740 105340
2750 126961
2760 154529
2770 192606
2780 283123
2790 377550
2800 353107
2810 272803
2820 193138
2830 142530
2840 112007
2850 92668
2860 79357
2870 72655
2880 66009
2890 60602
2900 58915
2910 53722
2920 49779
2930 50156
2940 48495
2950 47186
2960 48239
2970 47403
2980 46961
2990 49442
3000 49715
3010 51632
3020 54078
3030 55011
3040 60859
3050 68929
3060 72613
3070 82259
3080 93808
3090 107881
3100 132525
3110 176622
3120 243622
3130 309033
3140 346300
3150 302901
3160 217349
3170 147193
3180 110723
3190 96954
3200 84883
3210 75179
3220 69944
3230 62594
3240 58874
3250 55987
3260 53058
3270 51703
3280 50963
3290 48812
3300 49084
3310 50631
3320 49076
3330 50958
3340 52002
3350 53535
3360 57279
3370 60315
3380 63844
3390 70315
3400 76643
3410 84600
3420 97570
3430 116904
3440 143861
3450 185736
3460 226524
3470 285461
3480 318704
3490 299264
3500 220026
3510 164246
3520 135632
3530 114108
3540 101720
3550 88404
3560 79819
3570 73959
3580 66919
3590 64678
3600 61179
3610 58406
3620 58048
3630 55290
3640 53060
3650 53795
3660 53533
3670 53729
3680 56219
3690 57573
3700 59175
3710 65114
3720 67535
3730 73918
3740 80489
3750 87390
3760 103742
3770 128206
3780 148092
3790 188999
3800 238638
3810 302802
3820 394797
3830 367568
3840 273861
3850 214336
3860 168617
3870 141179
3880 126174
3890 106717
3900 93997
3910 89295
3920 83197
3930 78583
3940 77619
3950 73538
3960 69796
3970 71860
3980 70264
3990 71106
4000 72100
4010 71160
4020 74662
4030 79525
4040 81076
4050 86444
4060 91608
4070 95851
4080 108125
4090 127157
4100 137473
4110 160129
4120 188321
4130 224937
4140 280683
4150 365335
4160 430724
4170 419793
4180 343858
4190 272681
4200 224736
4210 175846
4220 143351
4230 132216
4240 119146
4250 109185
4260 103077
4270 94517
4280 90246
4290 87530
4300 81792
4310 81534
4320 80749
4330 77831
4340 78733
4350 81205
4360 78900
4370 81787
4380 83289
4390 85356
4400 90796
4410 95309
4420 100093
4430 112124
4440 118584
4450 129700
4460 147705
4470 174014
4480 209246
4490 257450
4500 294113
4510 323607
4520 314890
4530 266210
4540 198720
4550 152147
4560 123012
4570 107467
4580 95027
4590 81426
4600 75028
4610 64881
4620 57412
4630 54433
4640 50375
4650 47087
4660 46105
4670 42928
4680 39769
4690 40273
4700 38728
4710 37872
4720 38561
4730 37090
4740 38082
4750 39785
4760 39902
4770 41884
4780 44072
4790 45798
4800 51750
4810 61570
4820 68043
4830 80897
4840 97266
4850 110525
4860 117285
4870 95232
4880 65234
4890 50958
4900 39384
4910 32001
4920 27716
4930 22305
4940 18138
4950 16948
4960 15459
4970 14210
4980 13422
4990 12478
5000 12356
5010 12334
5020 12004
5030 12345
5040 12722
5050 12561
5060 13192
5070 14513
5080 14663
5090 15886
5100 17101
5110 18484
5120 20675
5130 23719
5140 27380
5150 32557
5160 39104
5170 47573
5180 60460
5190 79205
5200 90758
5210 83686
5220 68096
5230 53536
5240 45203
5250 37554
5260 32599
5270 29200
5280 26880
5290 25172
5300 24017
5310 22409
5320 21864
5330 21771
5340 20707
5350 21028
5360 20996
5370 21122
5380 22021
5390 22372
5400 22709
5410 24088
5420 25196
5430 26640
5440 29283
5450 32039
5460 35118
5470 40944
5480 44957
5490 53207
5500 62312
5510 73959
5520 98477
5530 127108
5540 138758
5550 133159
5560 113747
5570 89151
5580 70605
5590 58771
5600 50821
5610 46757
5620 42623
5630 39492
5640 38715
5650 35738
5660 33509
5670 33917
5680 33013
5690 32536
5700 33616
5710 33192
5720 33266
5730 35459
5740 35858
5750 37594
5760 39722
5770 40774
5780 45120
5790 51046
5800 53572
5810 59812
5820 67030
5830 74998
5840 89360
5850 111854
5860 127752
5870 148256
5880 165583
5890 168168
5900 159959
5910 130882
5920 104116
5930 92314
5940 80970
5950 71474
5960 66008
5970 58407
5980 53132
5990 45937
6000 41827
6010 40439
6020 39954
6030 37517
6040 36833
6050 36508
6060 34455
6070 34336
6080 34087
6090 33794
6100 34855
6110 34637
6120 34864
6130 36463
6140 37714
6150 38909
6160 42442
6170 45983
6180 50799
6190 58973
6200 65629
6210 77636
6220 90234
6230 99904
6240 104528
6250 89899
6260 73028
6270 57429
6280 48239
6290 38942
6300 32737
6310 28075
6320 24409
6330 22375
6340 20462
6350 18873
6360 18106
6370 16569
6380 15333
6390 15045
6400 14691
6410 14167
6420 14281
6430 13744
6440 13510
6450 14248
6460 14080
6470 14409
6480 15128
6490 15449
6500 16761
6510 18695
6520 20169
6530 22930
6540 26120
6550 29922
6560 38250
6570 46499
6580 46393
6590 41588
6600 32229
6610 25093
6620 20862
6630 16083
6640 13251
6650 11912
6660 10467
6670 9323
6680 8852
6690 7951
6700 7009
6710 6963
6720 6768
6730 6607
6740 6419
6750 6016
6760 6125
6770 6213
6780 6030
6790 6003
6800 6239
6810 6362
6820 6634
6830 7323
6840 7544
6850 8357
6860 9288
6870 10474
6880 12295
6890 14878
6900 17993
6910 20851
6920 21945
6930 20087
6940 17015
6950 12885
6960 9899
6970 8721
6980 7711
6990 6913
7000 6353
7010 5624
7020 5311
7030 5362
7040 5052
7050 4921
7060 4778
7070 4643
7080 4617
7090 4930
7100 4934
7110 5174
7120 5386
7130 5530
7140 5874
7150 6458
7160 7090
7170 8314
7180 8963
7190 10147
7200 11941
7210 14510
7220 17797
7230 22657
7240 27038
7250 32771
7260 35635
7270 34076
7280 28037
7290 22391
7300 18596
7310 16765
7320 15320
7330 13551
7340 12230
7350 11672
7360 10864
7370 10700
7380 10301
7390 10014
7400 10195
7410 9949
7420 9593
7430 9917
7440 10030
7450 10282
7460 10639
7470 10700
7480 11514
7490 12568
7500 12807
7510 13954
7520 15309
7530 16489
7540 19132
7550 23072
7560 25527
7570 29602
7580 33556
7590 36325
7600 38390
7610 35216
7620 29888
7630 26548
7640 23004
7650 20585
7660 19159
7670 16882
7680 15153
7690 14781
7700 13942
7710 13339
7720 13020
7730 12485
7740 12415
7750 12706
7760 12620
7770 12822
7780 12893
7790 12653
7800 13120
7810 13976
7820 13851
7830 14420
7840 14843
7850 15485
7860 16722
7870 17812
7880 18836
7890 20340
7900 21757
7910 23356
7920 25722
7930 27857
7940 29486
7950 30898
7960 30089
7970 28518
7980 26350
7990 23125
8000 19935
8010 17408
8020 15243
8030 13308
8040 12345
8050 10936
8060 9539
8070 8620
8080 7537
8090 7232
8100 6921
8110 6574
8120 6392
8130 5974
8140 5722
8150 5717
8160 5816
8170 6032
8180 6343
8190 6341
8200 6291
8210 6816
8220 6931
8230 7610
8240 8414
8250 9154
8260 10713
8270 12955
8280 14607
8290 16936
8300 18629
8310 18924
8320 17386
8330 14916
8340 12896
8350 11734
8360 10300
8370 9069
8380 8367
8390 7668
8400 6832
8410 6616
8420 6292
8430 5988
8440 5947
8450 5653
8460 5404
8470 5630
8480 5551
8490 5636
8500 5906
8510 5998
8520 6148
8530 6498
8540 6594
8550 6855
8560 7086
8570 7430
8580 8396
8590 9829
8600 10561
8610 11994
8620 13631
8630 15120
8640 16592
8650 16139
8660 13612
8670 11859
8680 10072
8690 8657
8700 7810
8710 6606
8720 5672
8730 5476
8740 5215
8750 5009
8760 4935
8770 4862
8780 4853
8790 5162
8800 5027
8810 5225
8820 5313
8830 5280
8840 5751
8850 6272
8860 6281
8870 6805
8880 7436
8890 8084
8900 9045
8910 10347
8920 11606
8930 13708
8940 15276
8950 17526
8960 20504
8970 22758
8980 25259
8990 25541
9000 23724
9010 21279
9020 18699
9030 16307
9040 14523
9050 12847
9060 11674
9070 10908
9080 10057
9090 9509
9100 9320
9110 8742
9120 8284
9130 8351
9140 8317
9150 8106
9160 8470
9170 8458
9180 8369
9190 8886
9200 9083
9210 9658
9220 10230
9230 10607
9240 11886
9250 13341
9260 14350
9270 16253
9280 18161
9290 19687
9300 22651
9310 26663
9320 28660
9330 30319
9340 29933
9350 28015
9360 26201
9370 22299
9380 19485
9390 18208
9400 16669
9410 15331
9420 15026
9430 13921
9440 12950
9450 12796
9460 12180
9470 11700
9480 11404
9490 10772
9500 10971
9510 11274
9520 11208
9530 11591
9540 12010
9550 11848
9560 12552
9570 13736
9580 14094
9590 15075
9600 16191
9610 17525
9620 19593
9630 21691
9640 23760
9650 25494
9660 27165
9670 27812
9680 27633
9690 23993
9700 19760
9710 17708
9720 15566
9730 13674
9740 12677
9750 11309
9760 10430
9770 9762
9780 9080
9790 8995
9800 8775
9810 8163
9820 8240
9830 8341
9840 7971
9850 8268
9860 8619
9870 8902
9880 9574
9890 10040
9900 10676
9910 11912
9920 12632
9930 13649
9940 15242
9950 17045
9960 19126
9970 21636
9980 22936
9990 24473
