110 6128
120 8228
130 4366
140 7855
150 9235
160 7758
170 7758
180 9283
190 12049
200 10766
210 11654
220 13593
230 16086
240 17987
250 22315
260 25123
270 28604
280 32844
290 36829
300 43970
310 54945
320 71755
330 89633
340 119510
350 157992
360 206570
370 277300
380 318347
390 260286
400 217012
410 186078
420 165540
430 150888
440 141557
450 139124
460 138169
470 139300
480 144122
490 149781
500 156118
510 168783
520 185562
530 200907
540 215552
550 227832
560 237429
570 241173
580 238627
590 229764
600 219728
610 210913
620 203686
630 198008
640 192779
650 193449
660 196930
670 204629
680 215468
690 235893
700 261993
710 311004
720 399075
730 496046
740 571329
750 527626
760 415296
770 300346
780 208744
790 157556
800 131634
810 114591
820 99443
830 88976
840 79207
850 71070
860 64964
870 61450
880 58477
890 55731
900 54066
910 52024
920 50474
930 50304
940 50448
950 50881
960 51465
970 52079
980 55129
990 59102
1000 62980
1010 68324
1020 76252
1030 85215
1040 100366
1050 130631
1060 178815
1070 223448
1080 261219
1090 243370
1100 163628
1110 106511
1120 77533
1130 64728
1140 55430
1150 47403
1160 42371
1170 37662
1180 33898
1190 30960
1200 28905
1210 27089
1220 26197
1230 24834
1240 24011
1250 23107
1260 22440
1270 22216
1280 22269
1290 22268
1300 22722
1310 23374
1320 24530
1330 25737
1340 27451
1350 29621
1360 32862
1370 36938
1380 45338
1390 57346
1400 72320
1410 93801
1420 108332
1430 104179
1440 69111
1450 44309
1460 32265
1470 26844
1480 23072
1490 19557
1500 17212
1510 15477
1520 13848
1530 12700
1540 12009
1550 11310
1560 10979
1570 10811
1580 10841
1590 10798
1600 11186
1610 11795
1620 12547
1630 13514
1640 14415
1650 16283
1660 18900
1670 21694
1680 24819
1690 28819
1700 35181
1710 40699
1720 56419
1730 78517
1740 103317
1750 138797
1760 174221
1770 191656
1780 144813
1790 112205
1800 94693
1810 85131
1820 78953
1830 73742
1840 71597
1850 68980
1860 68656
1870 68760
1880 70162
1890 71737
1900 74043
1910 76392
1920 82068
1930 87269
1940 92198
1950 97426
1960 104933
1970 110777
1980 119895
1990 131447
2000 142110
2010 152393
2020 165522
2030 176438
2040 194364
2050 221458
2060 253943
2070 285680
2080 331464
2090 397884
2100 461918
2110 556144
2120 573644
2130 475637
2140 377246
2150 299768
2160 246210
2170 202936
2180 172411
2190 143433
2200 127234
2210 115864
2220 106168
2230 98407
2240 93109
2250 86163
2260 81782
2270 79268
2280 77950
2290 76061
2300 75978
2310 74666
2320 76305
2330 77570
2340 80212
2350 83232
2360 87574
2370 91579
2380 100671
2390 114216
2400 131026
2410 150159
2420 176274
2430 218471
2440 287771
2450 382898
2460 441445
2470 379857
2480 247577
2490 191604
2500 150004
2510 122296
2520 101008
2530 88840
2540 80340
2550 73825
2560 69154
2570 63650
2580 61728
2590 57551
2600 55920
2610 54128
2620 54035
2630 52811
2640 53735
2650 53136
2660 55005
2670 56203
2680 58876
2690 60313
2700 65366
2710 68717
2720 77076
2730 86625
2740 99689
2750 111596
2760 136093
2770 169999
2780 220328
2790 314741
2800 375180
2810 337040
2820 230223
2830 165358
2840 131378
2850 108898
2860 90273
2870 77251
2880 71112
2890 64579
2900 60536
2910 56368
2920 54472
2930 51030
2940 49554
2950 48299
2960 48292
2970 47221
2980 48387
2990 47964
3000 49685
3010 50163
3020 52924
3030 54790
3040 58567
3050 61552
3060 69432
3070 77840
3080 86514
3090 98972
3100 117137
3110 141830
3120 182356
3130 263540
3140 328103
3150 360396
3160 254975
3170 182895
3180 143024
3190 109886
3200 91895
3210 81911
3220 74501
3230 67145
3240 63265
3250 58296
3260 55762
3270 52975
3280 52042
3290 49961
3300 50389
3310 49214
3320 50158
3330 50458
3340 51991
3350 53072
3360 55760
3370 57338
3380 61789
3390 65277
3400 71601
3410 79458
3420 90674
3430 101999
3440 120431
3450 144975
3460 194637
3470 244544
3480 298644
3490 333342
3500 272499
3510 212076
3520 164554
3530 135761
3540 110681
3550 96086
3560 87667
3570 79311
3580 74092
3590 68309
3600 65435
3610 60680
3620 59073
3630 56425
3640 56027
3650 54089
3660 54439
3670 53798
3680 55781
3690 55932
3700 58689
3710 60480
3720 64841
3730 68667
3740 76815
3750 83710
3760 95052
3770 106663
3780 126237
3790 146898
3800 192481
3810 266374
3820 337766
3830 420097
3840 371352
3850 280541
3860 222045
3870 169051
3880 135450
3890 117921
3900 107372
3910 96470
3920 91349
3930 84231
3940 79709
3950 75716
3960 74552
3970 72321
3980 72319
3990 71299
4000 72100
4010 72104
4020 75085
4030 75932
4040 79103
4050 81363
4060 86667
4070 92884
4080 102587
4090 110548
4100 124419
4110 139480
4120 158734
4130 192039
4140 246778
4150 305757
4160 370517
4170 446965
4180 413240
4190 353826
4200 266321
4210 204433
4220 174751
4230 149180
4240 133471
4250 121847
4260 111381
4270 101721
4280 95757
4290 90022
4300 87318
4310 83617
4320 82753
4330 80809
4340 80192
4350 79007
4360 80587
4370 80496
4380 82168
4390 83759
4400 87381
4410 90970
4420 96489
4430 101885
4440 110229
4450 118005
4460 131213
4470 149803
4480 178237
4490 208840
4500 247656
4510 290008
4520 319071
4530 316787
4540 266476
4550 194856
4560 153791
4570 127136
4580 110816
4590 94216
4600 81270
4610 70342
4620 64732
4630 58825
4640 55229
4650 51203
4660 48362
4670 45497
4680 42892
4690 40960
4700 40243
4710 39112
4720 38666
4730 38089
4740 38141
4750 38164
4760 39230
4770 39952
4780 41766
4790 43613
4800 46311
4810 50915
4820 59347
4830 67698
4840 77971
4850 95146
4860 108828
4870 116248
4880 91576
4890 67785
4900 53099
4910 40720
4920 33164
4930 27866
4940 22961
4950 18839
4960 17081
4970 15509
4980 14469
4990 13758
5000 13264
