30 240231
40 236419
50 234866
60 234372
70 238910
80 234782
90 233065
100 233826
110 238929
120 237546
130 233248
140 100613
150 103233
160 74325
170 74761
180 75294
190 86333
200 98652
210 112237
220 125426
230 146999
240 149868
250 171699
260 174417
270 200843
280 201069
290 210538
300 217543
310 241605
320 258103
330 282642
340 272968
350 300912
360 318860
370 328005
380 328421
390 377893
400 372677
410 381101
420 399836
430 432992
440 434275
450 469250
460 467386
470 494932
480 491865
490 528303
500 525952
510 544868
520 552484
530 577220
540 581760
550 621811
560 605171
570 643887
580 626835
590 655764
600 640975
610 676526
620 652918
630 669811
640 666834
650 686856
660 668703
670 722380
680 696929
690 734752
700 740674
710 752215
720 744925
730 750551
740 802232
750 844396
760 818346
770 866371
780 834584
790 910642
800 847323
810 894817
820 836226
830 826952
840 772560
850 778593
860 751409
870 716360
880 688574
890 678928
900 620899
910 640699
920 594611
930 625539
940 581551
950 615725
960 607869
970 616551
980 623209
990 648128
1000 668581
1010 705685
1020 729819
1030 799763
1040 800879
1050 868751
1060 845971
1070 845971
1080 858483
1090 819283
1100 752605
1110 708832
1120 632486
1130 597541
1140 538773
1150 507195
1160 460550
1170 441022
1180 415357
1190 414546
1200 402108
1210 385013
1220 374734
1230 373860
1240 363200
1250 377518
1260 372717
1270 390590
1280 402670
1290 424194
1300 429410
1310 449135
1320 485913
1330 532969
1340 577271
1350 662284
1360 721711
1370 831195
1380 828439
1390 888483
1400 808525
1410 802883
1420 724756
1430 661007
1440 602639
1450 554739
1460 516246
1470 484070
1480 452753
1490 449462
1500 435329
1510 446383
1520 446120
1530 440876
1540 467350
1550 490977
1560 518025
1570 556889
1580 563679
1590 575401
1600 529692
1610 473030
1620 385138
1630 365659
1640 351171
1650 285379
1660 256010
1670 220247
1680 193462
1690 179252
1700 151939
1710 153806
1720 135138
1730 138056
1740 124359
1750 127652
1760 126990
1770 124290
1780 123895
1790 123861
1800 127897
1810 134767
1820 132679
1830 153805
1840 145997
1850 164700
1860 164700
1870 144040
1880 138595
1890 109832
1900 92998
1910 77497
1920 66704
1930 56028
1940 46096
1950 38976
1960 33966
1970 30918
1980 29536
1990 24146
2000 23720
2010 20733
2020 20170
2030 18804
2040 17548
2050 16829
2060 14638
2070 15381
2080 13683
2090 13039
2100 12270
2110 12512
2120 11879
2130 11088
2140 10518
2150 11588
2160 9766
2170 10125
2180 10296
2190 9885
2200 9885
2210 9802
2220 10154
2230 10872
2240 11388
2250 12332
2260 13064
2270 14754
2280 15401
2290 19836
2300 20290
2310 23903
2320 23903
2330 21417
2340 19625
2350 14770
2360 10599
2370 10307
2380 8298
2390 6563
2400 5099
2410 4311
2420 3086
2430 3248
2440 3369
2450 3283
2460 2919
2470 2067
2480 2717
2490 1931
2500 2398
2510 2031
2520 1528
2530 1098
2540 1661
2550 1989
2560 1346
2570 1365
2580 1684
2590 1497
2600 1349
2610 1269
2620 1117
2630 1677
2640 773
2650 1121
2660 1121
2670 1007
2680 1352
2690 1545
2700 1112
2710 1207
2720 1404
2730 1408
2740 875
2750 1285
2760 752
2770 752
2780 1451
2790 1747
2800 1022
2810 1464
2820 1279
2830 1434
2840 1343
2850 1605
2860 1168
2870 1755
2880 1753
2890 1627
2900 1764
2910 1474
2920 1396
2930 1293
2940 1058
2950 1560
2960 1045
2970 1792
2980 1847
2990 1847
3000 1280
3010 1102
3020 1608
3030 1825
3040 1799
3050 1611
3060 1334
3070 1042
3080 752
3090 1554
3100 1398
3110 1398
3120 2112
3130 1246
3140 1277
3150 1054
3160 851
3170 989
3180 900
3190 1041
3200 1365
3210 1344
3220 1271
3230 711
3240 1783
3250 2018
3260 1645
3270 2101
3280 2319
3290 3298
3300 3645
3310 4348
3320 4740
3330 5010
3340 6419
3350 6934
3360 7941
3370 8685
3380 10481
3390 12089
3400 13620
3410 17781
3420 19613
3430 23614
3440 27878
3450 27878
3460 35285
3470 43126
3480 53650
3490 69470
3500 85045
3510 109466
3520 134708
3530 177224
3540 222164
3550 266012
3560 266012
3570 290088
3580 326051
3590 348577
3600 393424
3610 453830
3620 466094
3630 514230
3640 526061
3650 546245
3660 483660
3670 471809
3680 491241
3690 420883
3700 436476
3710 394688
3720 419360
3730 417079
3740 417301
3750 477215
3760 464096
3770 541969
3780 516254
3790 512898
3800 569413
3810 521367
3820 497647
3830 441409
3840 422150
3850 373101
3860 340192
3870 347185
3880 298265
3890 333774
3900 333774
3910 300450
3920 349759
3930 355643
3940 381070
3950 410826
3960 426213
3970 438195
3980 415672
3990 376020
4000 307058
4010 307058
4020 271018
4030 229574
4040 206699
4050 181118
4060 163390
4070 149742
4080 141560
4090 134778
4100 129877
4110 128872
4120 127639
4130 127387
4140 130892
4150 132768
4160 139845
4170 147079
4180 159982
4190 178709
4200 206615
4210 233603
4220 261731
4230 296862
4240 301516
4250 300640
4260 310756
4270 288636
4280 269353
4290 251176
4300 240805
4310 230738
4320 219831
4330 221184
4340 200118
4350 200118
4360 193611
4370 158646
4380 139346
4390 105177
4400 85524
4410 69268
4420 59290
4430 53073
4440 47162
4450 42430
4460 41270
4470 38288
4480 36226
4490 34861
4500 34787
4510 34206
4520 34743
4530 34712
4540 31759
4550 28377
4560 22772
4570 19442
4580 18493
4590 14303
4600 10883
4610 8616
4620 7141
4630 6297
4640 5548
4650 4858
4660 4141
4670 3143
4680 2649
4690 2649
4700 2730
4710 2691
4720 2180
4730 1859
4740 1828
4750 1920
4760 1882
4770 1704
4780 1898
4790 1491
4800 1242
4810 1645
4820 1810
4830 1624
4840 1330
4850 1143
4860 942
4870 1217
4880 1148
4890 1771
4900 1431
4910 1928
4920 2270
4930 1697
4940 1677
4950 1899
4960 2262
4970 2132
4980 1940
4990 1893
5000 2079
5010 2156
5020 1923
5030 1864
5040 2373
5050 2187
5060 2459
5070 2501
5080 2601
5090 2020
5100 2194
5110 2023
5120 1839
5130 2037
5140 2037
5150 1700
5160 2062
5170 1531
5180 1100
5190 1117
5200 715
5210 1022
5220 1127
5230 883
5240 737
5250 579
5260 502
5270 451
5280 1075
5290 730
5300 668
5310 823
5320 1009
5330 1180
5340 1376
5350 1475
5360 1223
5370 1164
5380 926
5390 1659
5400 2244
5410 2781
5420 2626
5430 2292
5440 2042
5450 1310
5460 1128
5470 1164
5480 1167
5490 1436
5500 1199
5510 2322
5520 1549
5530 2099
5540 1909
5550 1752
5560 1896
5570 1928
5580 1857
5590 1920
5600 1920
5610 1442
5620 1432
5630 1164
5640 1525
5650 1100
5660 768
5670 914
5680 916
5690 1014
5700 876
5710 729
5720 754
5730 863
5740 1099
5750 1460
5760 1363
5770 1055
5780 1075
5790 1160
5800 1515
5810 1054
5820 892
5830 1186
5840 1660
5850 1924
5860 1491
5870 1383
5880 1207
5890 1366
5900 1766
5910 1455
5920 1709
5930 1734
5940 1699
5950 1780
5960 1814
5970 1620
5980 1507
5990 1900
6000 1601
6010 1461
6020 1511
6030 1711
6040 1435
6050 1378
6060 1561
6070 1486
6080 1506
6090 919
6100 1336
6110 1056
6120 1502
6130 1376
6140 1341
6150 1506
6160 1559
6170 1649
6180 1213
6190 1364
6200 1430
6210 760
6220 1139
6230 1216
6240 1056
6250 1052
6260 1417
6270 1461
6280 1550
6290 1014
6300 1352
6310 1717
6320 1519
6330 1993
6340 1684
6350 1997
6360 2265
6370 1957
6380 1854
6390 1654
6400 1803
6410 2133
6420 1751
6430 1408
6440 1638
6450 2135
6460 2177
6470 1850
6480 1719
6490 1897
6500 2313
6510 2079
6520 2768
6530 2231
6540 2700
6550 2793
6560 2759
6570 2527
6580 2839
6590 2617
6600 2506
6610 2524
6620 2137
6630 2103
6640 1806
6650 1383
6660 1688
6670 1389
6680 1747
6690 1878
6700 1411
6710 1412
6720 1738
6730 1780
6740 2748
6750 3356
6760 3945
6770 4798
6780 5018
6790 5653
6800 6470
6810 7865
6820 10109
6830 12912
6840 14274
6850 16643
6860 20629
6870 27167
6880 34085
6890 46781
6900 68558
6910 103281
6920 141888
6930 191921
6940 243192
6950 263341
6960 310777
6970 358941
6980 422200
6990 483204
7000 565615
7010 692171
7020 870313
7030 1038176
7040 1316547
7050 1457139
7060 1450733
7070 1450733
7080 1509582
7090 1526858
7100 1626358
7110 1633210
7120 1588533
7130 1465842
7140 1337303
7150 1180799
7160 1103869
7170 1022510
7180 1003723
7190 984567
7200 1019235
7210 1047175
7220 1121879
7230 1148858
7240 1214657
7250 1150393
7260 1077828
7270 943137
7280 830364
7290 784733
7300 733436
7310 647224
7320 581999
7330 581265
7340 552685
7350 585044
7360 579261
7370 653643
7380 723191
7390 821594
7400 870279
7410 940609
7420 1042154
7430 1147892
7440 1214708
7450 1121514
7460 1086873
7470 812611
7480 785381
7490 504839
7500 369690
7510 273435
7520 269227
7530 194351
7540 172673
7550 130445
7560 120484
7570 92436
7580 90125
7590 73076
7600 76208
7610 66066
7620 68232
7630 59489
7640 63737
7650 45560
7660 42313
7670 26167
7680 22800
7690 14247
7700 11274
7710 7665
7720 6106
7730 4398
7740 4054
7750 3763
7760 2695
7770 2818
7780 1860
7790 1847
7800 1728
7810 1479
7820 1517
7830 1509
7840 1940
7850 1980
7860 1863
7870 1339
7880 1314
7890 1579
7900 1431
7910 2061
7920 1013
7930 1355
7940 2855
7950 2382
7960 1199
7970 879
7980 1660
7990 2091
8000 2155
8010 1696
8020 1817
8030 1365
8040 1582
8050 1552
8060 2072
8070 2242
8080 2101
8090 1960
8100 2032
8110 1442
8120 1588
8130 1617
8140 2020
8150 1926
8160 1656
8170 1862
8180 1708
8190 1639
8200 1851
8210 1847
8220 1752
8230 1802
8240 1898
8250 1984
8260 1292
8270 1834
8280 1684
8290 1861
8300 1992
8310 2049
8320 1832
8330 2084
8340 1979
8350 2083
8360 2083
8370 1947
8380 2082
8390 2147
8400 2137
8410 2259
8420 1991
8430 2007
8440 1881
8450 2083
8460 1844
8470 1696
8480 1774
8490 2218
8500 2253
8510 2132
8520 1936
8530 1867
8540 1656
8550 1648
8560 1778
8570 2072
8580 2352
8590 1938
8600 1617
8610 1814
8620 2012
8630 1748
8640 1979
8650 2289
8660 2417
8670 2297
8680 1929
8690 1741
8700 2184
8710 2987
8720 3730
8730 2646
8740 1457
8750 723
8760 1766
8770 2756
8780 3838
8790 3722
8800 2925
8810 1880
8820 1643
8830 2218
8840 2355
8850 2623
8860 2129
8870 2244
8880 2211
8890 2006
8900 2218
8910 2330
8920 2109
8930 2317
8940 1869
8950 2371
8960 2159
8970 2498
8980 2000
8990 1712
9000 1900
9010 2015
9020 2026
9030 2262
9040 2136
9050 2196
9060 2143
9070 2108
9080 2307
9090 2132
9100 2347
9110 2227
9120 2047
9130 1870
9140 1977
9150 1887
9160 1975
9170 1846
9180 2178
9190 2331
9200 2375
9210 2115
9220 2148
9230 2138
9240 1859
9250 1988
9260 2235
9270 1877
9280 2334
9290 1998
9300 2333
9310 2064
9320 2056
9330 1886
9340 2048
9350 2067
9360 2142
9370 2185
9380 1795
9390 2318
9400 2112
9410 2346
9420 2360
9430 2482
9440 2360
9450 2494
9460 2449
9470 2295
9480 2197
9490 2304
9500 2185
9510 2210
9520 1690
9530 2101
9540 2142
9550 2622
9560 2425
9570 2545
9580 2156
9590 2200
9600 2252
9610 2372
9620 2479
9630 2283
9640 2381
9650 2004
9660 2252
9670 2554
9680 2236
9690 2238
9700 2410
9710 2598
9720 2316
9730 2330
9740 2162
9750 2404
9760 1926
9770 2383
9780 2232
9790 2352
9800 2555
9810 2595
9820 2497
9830 2346
9840 2334
9850 2283
9860 2006
9870 2414
9880 2041
9890 2380
9900 2235
9910 2300
9920 2249
9930 2144
9940 2261
9950 2302
9960 2208
9970 2447
9980 2441
9990 2542
10000 2458
