40 242169
60 238034
80 238972
100 238972
120 247590
140 185192
160 104379
180 75851
200 75074
220 100315
240 122479
260 148771
280 148771
300 179000
320 209414
340 231961
360 255513
380 285929
400 334041
420 356579
440 383140
460 411863
480 433232
500 469308
520 495280
540 512356
560 550440
580 572089
600 586824
620 604042
640 618457
660 622645
680 635763
700 659589
720 673520
740 701392
760 730380
780 774339
800 789096
820 799192
840 779144
860 742396
880 685383
900 636798
920 594703
940 570849
960 567041
980 557321
1000 566675
1020 598535
1040 650129
1060 706608
1080 756605
1100 773614
1120 688065
1140 589064
1160 503782
1180 503782
1200 437917
1220 393813
1240 355898
1260 342740
1280 344530
1300 355291
1320 384289
1340 432728
1360 516542
1380 632701
1400 652488
1420 742012
1440 724702
1460 627683
1480 530207
1500 448873
1520 410798
1540 411516
1560 436297
1580 471318
1600 496308
1620 474150
1640 454068
1660 332066
1680 251568
1700 198094
1720 162110
1740 138179
1760 124389
1780 113618
1800 108801
1820 114328
1840 122159
1860 122159
1880 133749
1900 133845
1920 102747
1940 69863
1960 41855
1980 33550
2000 28296
2020 21082
2040 18725
2060 15647
2080 15321
2100 14020
2120 12403
2140 10433
2160 10396
2180 9478
2200 8969
2220 9494
2240 9611
2260 9932
2280 11361
2300 13327
2320 14282
2340 18336
2360 19192
2380 15623
2400 9270
2420 6309
2440 4358
2460 3818
2480 2783
2500 2715
2520 1906
2540 1906
2560 1830
2580 1235
2600 1319
2620 1272
2640 1285
2660 1408
2680 1485
2700 1338
2720 972
2740 1669
2760 1669
2780 1800
2800 879
2820 1786
2840 1330
2860 1265
2880 1531
2900 1342
2920 1066
2940 1254
2960 1388
2980 1418
3000 1322
3020 2188
3040 1203
3060 1179
3080 1222
3100 2057
3120 1632
3140 1793
3160 1589
3180 1124
3200 1109
3220 1114
3240 931
3260 1143
3280 1740
3300 2054
3320 3569
3340 4185
3360 5061
3380 7074
3400 10447
3420 12746
3440 13046
3460 17600
3480 24995
3500 35270
3520 60071
3540 104434
3560 161930
3580 220100
3600 280243
3620 321507
3640 386198
3660 426307
3680 478955
3700 458453
3720 402703
3740 361785
3760 357485
3780 402605
3800 469664
3820 501463
3840 455920
3860 386593
3880 322525
3900 310111
3920 292301
3940 290002
3960 304898
3980 356455
4000 387638
4020 360103
4040 282265
4060 188409
4080 139956
4100 123161
4120 122619
4140 113225
4160 112537
4180 115078
4200 129020
4220 158631
4240 200238
4260 240863
4280 263718
4300 256327
4320 221367
4340 212192
4360 202677
4380 189773
4400 155556
4420 110077
4440 77445
4460 51940
4480 40921
4500 35195
4520 32098
4540 31791
4560 30479
4580 29389
4600 24056
4620 14749
4640 9094
4660 6855
4680 4630
4700 3522
4720 2613
4740 2015
4760 1983
4780 2143
4800 2134
4820 1589
4840 1040
4860 1117
4880 1390
4900 1157
4920 1512
4940 1644
4960 1462
4980 1512
5000 1847
5020 1828
5040 1817
5060 1849
5080 1765
5100 2509
5120 2350
5140 1691
5160 1324
5180 1454
5200 1058
5220 739
5240 814
5260 814
5280 680
5300 765
5320 984
5340 638
5360 807
5380 1165
5400 1611
5420 2045
5440 2379
5460 1694
5480 1248
5500 1138
5520 990
5540 1462
5560 1471
5580 1800
5600 2222
5620 1674
5640 1382
5660 1324
5680 747
5700 612
5720 874
5740 1209
5760 805
5780 1054
5800 1354
5820 1470
5840 1353
5860 1466
5880 1352
5900 1139
5920 1476
5940 1321
5960 1563
5980 1247
6000 1527
6020 1772
6040 1499
6060 1602
6080 1382
6100 1382
6120 1221
6140 1257
6160 1597
6180 1483
6200 1245
6220 780
6240 1489
6260 1196
6280 1202
6300 1367
6320 1453
6340 1966
6360 1828
6380 1671
6400 2071
6420 1995
6440 1744
6460 1799
6480 1626
6500 1458
6520 2268
6540 2415
6560 2048
6580 2376
6600 2150
6620 2507
6640 2392
6660 1926
6680 1477
6700 1234
6720 1336
6740 1706
6760 2279
6780 3531
6800 4491
6820 5597
6840 6823
6860 8422
6880 13595
6900 23579
6920 40046
6940 73249
6960 135553
6980 238798
7000 367667
7020 512960
7040 771941
7060 875802
7080 1115096
7100 1334840
7120 1364339
7140 1468268
7160 1317820
7180 1189799
7200 984687
7220 919961
7240 958792
7260 1086546
7280 1183460
7300 1085948
7320 850682
7340 661629
7360 566333
7380 542486
7400 567557
7420 670476
7440 912668
7460 1118285
7480 1091416
7500 833649
7520 622204
7540 467564
7560 233326
7580 133450
7600 97774
7620 77325
7640 68630
7660 62538
7680 48451
7700 27406
7720 13870
7740 9156
7760 7595
7780 4157
7800 2405
7820 1949
7840 1774
7860 1657
7880 1374
7900 1928
7920 1756
7940 1565
7960 1176
7980 2249
8000 1752
8020 1744
8040 1649
8060 1546
8080 1264
8100 1850
8120 1583
8140 2120
8160 1942
8180 1982
8200 1550
8220 1592
8240 1855
8260 1774
8280 2087
8300 1845
8320 1791
8340 1903
8360 1789
8380 2418
8400 2441
8420 2111
8440 1994
8460 1903
8480 2155
8500 1955
8520 2219
8540 2346
8560 2271
8580 1779
8600 1878
8620 1585
8640 2208
8660 1910
8680 1753
8700 1838
8720 1531
8740 1863
8760 2421
8780 892
8800 2504
8820 3144
8840 2123
8860 1618
8880 1923
8900 2282
8920 1938
8940 1915
8960 2042
8980 1941
9000 2047
9020 1998
9040 1962
9060 1957
9080 1950
9100 2203
9120 2133
9140 1836
9160 2000
9180 1693
9200 1800
9220 1745
9240 1438
9260 2350
9280 1743
9300 2250
9320 2184
9340 1998
9360 1796
9380 2338
9400 2091
9420 1907
9440 1786
9460 1953
9480 1636
9500 1941
9520 2018
9540 2164
9560 2123
9580 1850
9600 1904
9620 2072
9640 2133
9660 2033
9680 1875
9700 2072
9720 2041
9740 2410
9760 2148
9780 2091
9800 2091
9820 2115
9840 2297
9860 2198
9880 2306
9900 2277
9920 2189
9940 2254
9960 2306
9980 2024
10000 2449
