25 271966
30 273845
35 273846
40 274255
45 275702
50 276395
55 271982
60 268873
65 272928
70 281601
75 278954
80 275873
85 276596
90 276772
95 276492
100 275112
105 273983
110 274842
115 278453
120 274091
125 259618
130 111132
135 109988
140 107326
145 113134
150 60374
155 64924
160 66895
165 73055
170 83294
175 93891
180 94366
185 96299
190 108954
195 118307
200 115851
205 116537
210 123291
215 141846
220 139239
225 144360
230 168811
235 177080
240 168239
245 166422
250 193143
255 202145
260 192074
265 191387
270 205961
275 222259
280 217483
285 215915
290 250579
295 257156
300 239815
305 236580
310 266950
315 277067
320 271319
325 267550
330 297572
335 320844
340 295698
345 296468
350 339727
355 326492
360 326594
365 327412
370 361362
375 393720
380 390454
385 357782
390 395599
395 415214
400 390093
405 385148
410 432745
415 443036
420 420055
425 433569
430 474110
435 485389
440 455839
445 448233
450 487113
455 514698
460 484673
465 481990
470 534402
475 554904
480 507062
485 506408
490 534565
495 578164
500 548944
505 537046
510 571798
515 614341
520 567405
525 559078
530 628651
535 645257
540 596739
545 596739
550 617637
555 662341
560 614953
565 605321
570 647773
575 683548
580 627567
585 620027
590 693794
595 702991
600 678534
605 638788
610 637032
615 705985
620 652566
625 637767
630 706602
635 724710
640 660563
645 669870
650 739191
655 744834
660 691482
665 676552
670 713566
675 758666
680 710166
685 694531
690 776777
695 791842
700 725721
705 723650
710 809741
715 828543
720 765820
725 758682
730 815994
735 862559
740 798034
745 788811
750 887967
755 894658
760 829528
765 819826
770 819826
775 908138
780 869264
785 831201
790 900277
795 918296
800 831204
805 810273
810 868209
815 860011
820 778355
825 755510
830 769616
835 823374
840 795281
845 711259
850 753003
855 753902
860 672367
865 652665
870 701911
875 683184
880 620090
885 616701
890 630139
895 663590
900 632653
905 589139
910 624535
915 638651
920 576739
925 569036
930 628082
935 633426
940 614159
945 572627
950 606535
955 645898
960 618398
965 595405
970 633987
975 677874
980 631374
985 634933
990 721176
995 739487
1000 739487
1005 685172
1010 724035
1015 809448
1020 786085
1025 754200
1030 843457
1035 883308
1040 835753
1045 811363
1050 899767
1055 902639
1060 890217
1065 824906
1070 795473
1075 852181
1080 761199
1085 691427
1090 738343
1095 729741
1100 642855
1105 585451
1110 605749
1115 626170
1120 589107
1125 526777
1130 521389
1135 537566
1140 491860
1145 447645
1150 476494
1155 467646
1160 414748
1165 396397
1170 410290
1175 426666
1180 393443
1185 371770
1190 389308
1195 401058
1200 375278
1205 353800
1210 385267
1215 380235
1220 351202
1225 350359
1230 352093
1235 384532
1240 370551
1245 352102
1250 386164
1255 400059
1260 375312
1265 372260
1270 422586
1275 431984
1280 422768
1285 406681
1290 434943
1295 474662
1300 476444
1305 466215
1310 537670
1315 569032
1320 539952
1325 558093
1330 653764
1335 665532
1340 679465
1345 671925
1350 741902
1355 819106
1360 811369
1365 791393
1370 874503
1375 905836
1380 817518
1385 785562
1390 845376
1395 845376
1400 765044
1405 684622
1410 699223
1415 684344
1420 608835
1425 564878
1430 580418
1435 563354
1440 490746
1445 477053
1450 482957
1455 511281
1460 485788
1465 435919
1470 451368
1475 463680
1480 419278
1485 414430
1490 451889
1495 457129
1500 425162
1505 418645
1510 425970
1515 466452
1520 466410
1525 439446
1530 458875
1535 508884
1540 492976
1545 474569
1550 550404
1555 577289
1560 543727
1565 534980
1570 550163
1575 588210
1580 560485
1585 503453
1590 503004
1595 510513
1600 454162
1605 376667
1610 398868
1615 379982
1620 375690
1625 326333
1630 287621
1635 289419
1640 257531
1645 229127
1650 232566
1655 222011
1660 189650
1665 184775
1670 191852
1675 188843
1680 171586
1685 152477
1690 157596
1695 157427
1700 134658
1705 136612
1710 144807
1715 138413
1720 120683
1725 125229
1730 133676
1735 132591
1740 127664
1745 117715
1750 119519
1755 128661
1760 126241
1765 115881
1770 128600
1775 133456
1780 124985
1785 119227
1790 119227
1795 138732
1800 138309
1805 130887
1810 141731
1815 152376
1820 149346
1825 139977
1830 153838
1835 161062
1840 149227
1845 148660
1850 136051
1855 147770
1860 137696
1865 112159
1870 113544
1875 110058
1880 94488
1885 81887
1890 80543
1895 75488
1900 65270
1905 62178
1910 56906
1915 56401
1920 49095
1925 44417
1930 45171
1935 42346
1940 35933
1945 33728
1950 35581
1955 32890
1960 31304
1965 27406
1970 28466
1975 27594
1980 25209
1985 22538
1990 23125
1995 22617
2000 19532
2005 19452
2010 19648
2015 19648
2020 18914
2025 17026
2030 17426
2035 16838
2040 14953
2045 14983
2050 15406
2055 15491
2060 13327
2065 12700
2070 13619
2075 14000
2080 13323
2085 11863
2090 13101
2095 12704
2100 11110
2105 11433
2110 11289
2115 10755
2120 10693
2125 10785
2130 10977
2135 11376
2140 10685
2145 10301
2150 9706
2155 11236
2160 9807
2165 10049
2170 10688
2175 11232
2180 9581
2185 9581
2190 10361
2195 10956
2200 10478
2205 9810
2210 10458
2215 11333
2220 11396
2225 10805
2230 12022
2235 13259
2240 13229
2245 12493
2250 12366
2255 15102
2260 15541
2265 15254
2270 16886
2275 19771
2280 19850
2285 19403
2290 23168
2295 25290
2300 25070
2305 23761
2310 22702
2315 24382
2320 22109
2325 16155
2330 16575
2335 15159
2340 12979
2345 9977
2350 9821
2355 9846
2360 9700
2365 8836
2370 5918
2375 7577
2380 6910
2385 5212
2390 5593
2395 5522
2400 4444
2405 3802
2410 3802
2415 4260
2420 3852
2425 2969
2430 2918
2435 2878
2440 2552
2445 2143
2450 2990
2455 2113
2460 2358
2465 2313
2470 2313
2475 2322
2480 2523
2485 1936
2490 2005
2495 2242
2500 1760
2505 1888
2510 1574
2515 1423
2520 2271
2525 2036
2530 1108
2535 1662
2540 1620
2545 1440
2550 1708
2555 1384
2560 1272
2565 1521
2570 1256
2575 1024
2580 1024
2585 1319
2590 1190
2595 1138
2600 1399
2605 1403
2610 1448
2615 1294
2620 1787
2625 1111
2630 840
2635 1458
2640 1458
2645 1034
2650 1393
2655 1216
2660 1640
2665 1581
2670 1468
2675 1871
2680 1434
2685 1263
2690 1143
2695 1177
2700 1565
2705 1577
2710 1913
2715 967
2720 1117
2725 1101
2730 1451
2735 1579
2740 1437
2745 1188
2750 1248
2755 1770
2760 1001
2765 764
2770 1559
2775 1467
2780 931
2785 1166
2790 1036
2795 1132
2800 1601
2805 1601
2810 935
2815 923
2820 1323
2825 1638
2830 1399
2835 1479
2840 1740
2845 1442
2850 1620
2855 1383
2860 1178
2865 1178
2870 937
2875 1466
2880 1351
2885 1813
2890 1571
2895 1468
2900 1032
2905 1270
2910 1544
2915 1415
2920 1369
2925 967
2930 1286
2935 1811
2940 1368
2945 1123
2950 1659
2955 1110
2960 1778
2965 956
2970 1406
2975 1532
2980 1038
2985 1172
2990 1479
2995 1857
3000 1339
3005 1234
3010 1617
3015 1301
3020 1299
3025 1809
3030 1948
3035 1948
3040 1731
3045 1134
3050 1588
3055 1871
3060 1806
3065 1450
3070 1624
3075 2137
3080 1715
3085 1693
3090 1693
3095 1477
3100 1804
3105 1401
3110 924
3115 776
3120 1484
3125 1176
3130 1286
3135 1547
3140 1318
3145 1250
3150 1345
3155 1452
3160 1235
3165 1173
3170 1136
3175 1018
3180 1143
3185 1302
3190 1125
3195 632
3200 1404
3205 1404
3210 1245
3215 1101
3220 1465
3225 1667
3230 1927
3235 1967
3240 2022
3245 2553
3250 2768
3255 3186
3260 3186
3265 2674
3270 2823
3275 3365
3280 4115
3285 3948
3290 4350
3295 4560
3300 4508
3305 4283
3310 4877
3315 4877
3320 6629
3325 6858
3330 6007
3335 6992
3340 7419
3345 7471
3350 8753
3355 9764
3360 10248
3365 9727
3370 11703
3375 12238
3380 12961
3385 12096
3390 13820
3395 16510
3400 17431
3405 17606
3410 22045
3415 23783
3420 22468
3425 25969
3430 25969
3435 31149
3440 33729
3445 34833
3450 40632
3455 46317
3460 48399
3465 51044
3470 63719
3475 74213
3480 75969
3485 75969
3490 86896
3495 107123
3500 119154
3505 127808
3510 158919
3515 179339
3520 185325
3525 201382
3530 236606
3535 266755
3540 267805
3545 256199
3550 283064
3555 318938
3560 327114
3565 316269
3570 353382
3575 387627
3580 369175
3585 390210
3590 443747
3595 468330
3600 467571
3605 450713
3610 486393
3615 542391
3620 541428
3625 510098
3630 530424
3635 556733
3640 482774
3645 478481
3650 512424
3655 515252
3660 500838
3665 440551
3670 427795
3675 449218
3680 421366
3685 393088
3690 404912
3695 423183
3700 414889
3705 363793
3710 363793
3715 423459
3720 447111
3725 429821
3730 386397
3735 469562
3740 482962
3745 450817
3750 492658
3755 541661
3760 551013
3765 490036
3770 484057
3775 568803
3780 588746
3785 548657
3790 481357
3795 535771
3800 522242
3805 419422
3810 456421
3815 458762
3820 415018
3825 415018
3830 356838
3835 386599
3840 364937
3845 332695
3850 338201
3855 351956
3860 332795
3865 304901
3870 333747
3875 332579
3880 332530
3885 297625
3890 310044
3895 340989
3900 332829
3905 324098
3910 357155
3915 377969
3920 369118
3925 365782
3930 410375
3935 436490
3940 436490
3945 409312
3950 414654
3955 462497
3960 455254
3965 394614
3970 400160
3975 386617
3980 341952
3985 306217
3990 305260
3995 303874
4000 272012
4005 232861
4010 228452
4015 227627
4020 209678
4025 181505
4030 181566
4035 176670
4040 155275
4045 151474
4050 151526
4055 158501
4060 145126
4065 132184
4070 137139
4075 141226
4080 129253
4085 121979
4090 127762
4095 132120
4100 115445
4105 123261
4110 123261
4115 134282
4120 131097
4125 119151
4130 133246
4135 140211
4140 138936
4145 132619
4150 144239
4155 157218
4160 158998
4165 158406
4170 149965
4175 180653
4180 195060
4185 194543
4190 184168
4195 234319
4200 248567
4205 233794
4210 273596
4215 306310
4220 309711
4225 296153
4230 284387
4235 319301
4240 322065
4245 298103
4250 269463
4255 292900
4260 281742
4265 236414
4270 253977
4275 254883
4280 260163
4285 243681
4290 211770
4295 236722
4300 236281
4305 219502
4310 217773
4315 225107
4320 203117
4325 203099
4330 211035
4335 211035
4340 187668
4345 156796
4350 167170
4355 158808
4360 125263
4365 113514
4370 112125
4375 99575
4380 82191
4385 80298
4390 80980
4395 76090
4400 68144
4405 61013
4410 51493
4415 54564
4420 53326
4425 44123
4430 42672
4435 43735
4440 41915
4445 41352
4450 35190
4455 37417
4460 37881
4465 34864
4470 31984
4475 35303
4480 35672
4485 32768
4490 33039
4495 36658
4500 35602
4505 35602
4510 30568
4515 35205
4520 35433
4525 31349
4530 29373
4535 29871
4540 27324
4545 23483
4550 21502
4555 20060
4560 19602
4565 15528
4570 14074
4575 13911
4580 12081
4585 9583
4590 8837
4595 8251
4600 6914
4605 6310
4610 6531
4615 6691
4620 6019
4625 5224
4630 4093
4635 4598
4640 4405
4645 3787
4650 3757
4655 3495
4660 3047
4665 3099
4670 2634
4675 2593
4680 2796
4685 2762
4690 2859
4695 3156
4700 2729
4705 2050
4710 2060
4715 2216
4720 2247
4725 2342
4730 2342
4735 2639
4740 1613
4745 1663
4750 1700
4755 1621
4760 1415
4765 1540
4770 1560
4775 1519
4780 1469
4785 1385
4790 1387
4795 1674
4800 1771
4805 1559
4810 1262
4815 1803
4820 1665
4825 1743
4830 1519
4835 1215
4840 1271
4845 1321
4850 921
4855 1505
4860 1478
4865 1205
4870 1586
4875 1478
4880 1553
4885 1231
4890 1705
4895 2170
4900 2188
4905 1625
4910 1330
4915 1548
4920 1434
4925 1243
4930 1378
4935 1837
4940 2015
4945 2042
4950 2119
4955 2097
4960 2102
4965 2022
4970 1693
4975 1730
4980 2094
4985 1844
4990 1678
4995 1954
5000 2282
5005 2173
5010 2096
5015 2147
5020 2518
5025 1789
5030 1753
5035 2420
5040 2549
5045 2145
5050 1894
5055 2089
5060 2348
5065 2526
5070 2570
5075 2544
5080 1862
5085 1721
5090 1975
5095 2241
5100 1836
5105 1706
5110 1505
5115 1582
5120 1935
5125 1944
5130 1751
5135 1976
5140 1427
5145 1328
5150 1190
5155 1357
5160 1420
5165 1393
5170 1183
5175 913
5180 954
5185 1023
5190 641
5195 703
5200 831
5205 888
5210 723
5215 798
5220 758
5225 665
5230 926
5235 654
5240 510
5245 566
5250 522
5255 981
5260 825
5265 1262
5270 860
5275 740
5280 521
5285 720
5290 763
5295 768
5300 923
5305 1060
5310 607
5315 962
5320 1429
5325 1253
5330 1586
5335 1641
5340 1254
5345 1407
5350 1592
5355 1676
5360 615
5365 1257
5370 1913
5375 2310
5380 2377
5385 2165
5390 2354
5395 2676
5400 2431
5405 2135
5410 2031
5415 2905
5420 2070
5425 1011
5430 1208
5435 1644
5440 1410
5445 1063
5450 1246
5455 1086
5460 977
5465 1010
5470 1456
5475 1669
5480 1665
5485 1678
5490 1399
5495 1285
5500 1741
5505 1785
5510 1745
5515 1808
5520 1808
5525 2396
5530 1526
5535 2320
5540 2185
5545 2103
5550 2067
5555 2257
5560 1887
5565 1665
5570 1826
5575 1921
5580 1941
5585 1725
5590 1324
5595 1529
5600 1616
5605 1181
5610 1284
5615 1544
5620 1464
5625 999
5630 1116
5635 1180
5640 808
5645 652
5650 714
5655 622
5660 755
5665 1069
5670 611
5675 467
5680 1051
5685 949
5690 942
5695 542
5700 689
5705 802
5710 909
5715 1044
5720 934
5725 951
5730 1331
5735 1410
5740 1551
5745 1577
5750 1411
5755 1414
5760 1081
5765 1185
5770 1038
5775 1149
5780 1461
5785 1686
5790 1693
5795 1597
5800 1761
5805 1967
5810 2039
5815 1688
5820 1139
5825 1696
5830 1145
5835 1597
5840 1210
5845 1216
5850 1091
5855 1367
5860 1601
5865 1717
5870 1282
5875 1704
5880 1854
5885 1851
5890 1640
5895 1270
5900 1208
5905 1743
5910 1872
5915 1852
5920 1489
5925 1205
5930 1199
5935 1099
5940 1604
5945 1647
5950 1543
5955 1506
5960 1860
5965 2014
5970 1741
5975 1698
5980 1793
5985 1758
5990 1535
5995 1572
6000 1577
6005 1423
6010 1646
6015 1616
6020 1479
6025 1569
6030 1644
6035 1548
6040 1436
6045 1511
6050 1994
6055 1143
6060 1179
6065 1159
6070 1210
6075 1459
6080 1644
6085 1669
6090 1342
6095 1648
6100 1274
6105 1109
6110 829
6115 1252
6120 1271
6125 1496
6130 1055
6135 1019
6140 1420
6145 1477
6150 1001
6155 1714
6160 1255
6165 1313
6170 1261
6175 1215
6180 1229
6185 847
6190 1036
6195 1148
6200 1378
6205 851
6210 1254
6215 1332
6220 1149
6225 1119
6230 883
6235 1030
6240 1349
6245 1191
6250 1279
6255 1445
6260 1369
6265 1240
6270 1393
6275 1714
6280 1515
6285 1228
6290 1434
6295 1752
6300 1793
6305 1726
6310 1796
6315 1835
6320 1567
6325 1566
6330 1817
6335 2111
6340 2076
6345 2038
6350 1877
6355 2107
6360 1638
6365 1838
6370 1918
6375 1674
6380 2446
6385 1753
6390 1947
6395 2198
6400 1563
6405 2013
6410 1892
6415 1823
6420 1720
6425 1655
6430 1836
6435 2383
6440 2464
6445 1611
6450 1740
6455 2101
6460 1603
6465 2105
6470 2239
6475 2529
6480 2736
6485 2577
6490 1951
6495 2352
6500 2090
6505 2491
6510 2245
6515 2829
6520 2645
6525 2833
6530 2802
6535 2942
6540 2969
6545 2793
6550 2164
6555 2921
6560 2743
6565 3058
6570 2592
6575 2419
6580 2738
6585 2605
6590 2275
6595 2241
6600 2612
6605 2299
6610 1867
6615 2498
6620 2287
6625 1406
6630 1745
6635 2070
6640 1737
6645 1291
6650 1228
6655 1738
6660 1354
6665 887
6670 1510
6675 1774
6680 2079
6685 1427
6690 1794
6695 2021
6700 1396
6705 1803
6710 2144
6715 2298
6720 2140
6725 2754
6730 3037
6735 3839
6740 3906
6745 3952
6750 3848
6755 4637
6760 5352
6765 5438
6770 5269
6775 5043
6780 6298
6785 6329
6790 7039
6795 8705
6800 9255
6805 9910
6810 11087
6815 13364
6820 14812
6825 14521
6830 14354
6835 19275
6840 20027
6845 20141
6850 26921
6855 32080
6860 33544
6865 39395
6870 50003
6875 55875
6880 57667
6885 61881
6890 85665
6895 102952
6900 111656
6905 119679
6910 160800
6915 195244
6920 207789
6925 247803
6930 297633
6935 310689
6940 313724
6945 309124
6950 361310
6955 406336
6960 407011
6965 429924
6970 436152
6975 535035
6980 585762
6985 608648
6990 621767
6995 755981
7000 858405
7005 879176
7010 924934
7015 1160194
7020 1286630
7025 1275442
7030 1363649
7035 1493933
7040 1442802
7045 1398053
7050 1372334
7055 1538618
7060 1565581
7065 1451870
7070 1413948
7075 1644444
7080 1678948
7085 1579558
7090 1528370
7095 1610227
7100 1657856
7105 1625663
7110 1525762
7115 1353087
7120 1412284
7125 1354660
7130 1188422
7135 1101907
7140 1160817
7145 1119210
7150 982302
7155 1020702
7160 1045039
7165 1045059
7170 940981
7175 936831
7180 1030900
7185 1033219
7190 954464
7195 1095564
7200 1055427
7205 1052963
7210 1189549
7215 1218090
7220 1170548
7225 1080853
7230 1192619
7235 1205826
7240 1052031
7245 989782
7250 1027005
7255 934216
7260 832682
7265 804257
7270 792974
7275 774440
7280 712514
7285 607206
7290 649323
7295 645402
7300 606041
7305 587415
7310 529518
7315 550358
7320 587543
7325 549597
7330 528516
7335 540817
7340 586134
7345 613169
7350 578363
7355 602922
7360 701852
7365 736839
7370 709758
7375 758093
7380 907779
7385 938032
7390 926913
7395 964633
7400 1101955
7405 1169201
7410 1115249
7415 1118501
7420 1199992
7425 1104706
7430 1102649
7435 1130854
7440 1033279
7445 915808
7450 878790
7455 876619
7460 781113
7465 613459
7470 566725
7475 535374
7480 440519
7485 343181
7490 313941
7495 289987
7500 268617
7505 235305
7510 197494
7515 191874
7520 172227
7525 139463
7530 129411
7535 132975
7540 119061
7545 98661
7550 99143
7555 100232
7560 95444
7565 83162
7570 78674
7575 82394
7580 77832
7585 68586
7590 71781
7595 74887
7600 71635
7605 61949
7610 66306
7615 67526
7620 64372
7625 53614
7630 48969
7635 49196
7640 42017
7645 32567
7650 28761
7655 25825
7660 22153
7665 17698
7670 16025
7675 15335
7680 12895
7685 9469
7690 9491
7695 8066
7700 7202
7705 5556
7710 5137
7715 4442
7720 3519
7725 3093
7730 3369
7735 3406
7740 2946
7745 2576
7750 2258
7755 2147
7760 2302
7765 1670
7770 1907
7775 2015
7780 1504
7785 1448
7790 1484
7795 1725
7800 1870
7805 1538
7810 1366
7815 1370
7820 1503
7825 1594
7830 1946
7835 2112
7840 1700
7845 2058
7850 1746
7855 1784
7860 2030
7865 1587
7870 1768
7875 1589
7880 2058
7885 2052
7890 1901
7895 1687
7900 1537
7905 1143
7910 1090
7915 2207
7920 3026
7925 2846
7930 2737
7935 3022
7940 1504
7945 1092
7950 1176
7955 1290
7960 1432
7965 1490
7970 1547
7975 1444
7980 1693
7985 1595
7990 1503
7995 1785
8000 1826
8005 1423
8010 1559
8015 1298
8020 1409
8025 1444
8030 1456
8035 2034
8040 2218
8045 1422
8050 1476
8055 1626
8060 1449
8065 1327
8070 1560
8075 1520
8080 1946
8085 1444
8090 1987
8095 1681
8100 2059
8105 1617
8110 1586
8115 1713
8120 1874
8125 1728
8130 1505
8135 1580
8140 1938
8145 1860
8150 1916
8155 1592
8160 1900
8165 1623
8170 1763
8175 1796
8180 1751
8185 1590
8190 1631
8195 1851
8200 1523
8205 1479
8210 1547
8215 2115
8220 1636
8225 1870
8230 1843
8235 1817
8240 1653
8245 1495
8250 1671
8255 1872
8260 1820
8265 1726
8270 1690
8275 1921
8280 1990
8285 2138
8290 1940
8295 1911
8300 1883
8305 1683
8310 1503
8315 1812
8320 1659
8325 1992
8330 1728
8335 2055
8340 1925
8345 1665
8350 1518
8355 1770
8360 2072
8365 2290
8370 1717
8375 1517
8380 1970
8385 2151
8390 1870
8395 1766
8400 2156
8405 2178
8410 2044
8415 1906
8420 1969
8425 1780
8430 2133
8435 2496
8440 2138
8445 1978
8450 1895
8455 2365
8460 2656
8465 2401
8470 1592
8475 1876
8480 2125
8485 1963
8490 1956
8495 2310
8500 1715
8505 1995
8510 2147
8515 1880
8520 1815
8525 1824
8530 1730
8535 1667
8540 2041
8545 2291
8550 1448
8555 1920
8560 1986
8565 1844
8570 1795
8575 2103
8580 2156
8585 1740
8590 1557
8595 1855
8600 1975
8605 2003
8610 1632
8615 2237
8620 2206
8625 2045
8630 2002
8635 2060
8640 2062
8645 1943
8650 2013
8655 1875
8660 1823
8665 1171
8670 1395
8675 1608
8680 2177
8685 2385
8690 2460
8695 2768
8700 3315
8705 3529
8710 2488
8715 2504
8720 1880
8725 848
8730 587
8735 1179
8740 1874
8745 2351
8750 2563
8755 3076
8760 3637
8765 3388
8770 3607
8775 3080
8780 2901
8785 1885
8790 1728
8795 1397
8800 1460
8805 1344
8810 1279
8815 2067
8820 2309
8825 2289
8830 2217
8835 2527
8840 2488
8845 1449
8850 2134
8855 1828
8860 1879
8865 1988
8870 2226
8875 2602
8880 2118
8885 1826
8890 2118
8895 2355
8900 2289
8905 1683
8910 1910
8915 2430
8920 2289
8925 1831
8930 2011
8935 2000
8940 2159
8945 1764
8950 2252
8955 1971
8960 1805
8965 1985
8970 2066
8975 2033
8980 2164
8985 2019
8990 2103
8995 2227
9000 2167
9005 1888
9010 2267
9015 2188
9020 1844
9025 2143
9030 2271
9035 2133
9040 2181
9045 2095
9050 2078
9055 2045
9060 2047
9065 2102
9070 1796
9075 1975
9080 1937
9085 1898
9090 2093
9095 2002
9100 2090
9105 2115
9110 2063
9115 2348
9120 2379
9125 2154
9130 1820
9135 2201
9140 1952
9145 2041
9150 2110
9155 1873
9160 2366
9165 2406
9170 1971
9175 1794
9180 2570
9185 1632
9190 1957
9195 1996
9200 2027
9205 1913
9210 1833
9215 2021
9220 2252
9225 1447
9230 1888
9235 2286
9240 2047
9245 2076
9250 2196
9255 2185
9260 1940
9265 1930
9270 1923
9275 1992
9280 2102
9285 1778
9290 1791
9295 2126
9300 2244
9305 2116
9310 2288
9315 2191
9320 1654
9325 1857
9330 2229
9335 1850
9340 2384
9345 1732
9350 1948
9355 2054
9360 2138
9365 1956
9370 1952
9375 1926
9380 1853
9385 1737
9390 1881
9395 2364
9400 2428
9405 1545
9410 1822
9415 2132
9420 1964
9425 1949
9430 2069
9435 2191
9440 1978
9445 1885
9450 2102
9455 2673
9460 2383
9465 2235
9470 1981
9475 2009
9480 2090
9485 2237
9490 1908
9495 1941
9500 2072
9505 2005
9510 1992
9515 1960
9520 2435
9525 2059
9530 1763
9535 1990
9540 2021
9545 2314
9550 1945
9555 1785
9560 2153
9565 2487
9570 2258
9575 2514
9580 2172
9585 2272
9590 2067
9595 2079
9600 2199
9605 2433
9610 2128
9615 1978
9620 2158
9625 2033
9630 2337
9635 2335
9640 2169
9645 1979
9650 2124
9655 2385
9660 2605
9665 2300
9670 2123
9675 2228
9680 2184
9685 2323
9690 2454
9695 2439
9700 2307
9705 1791
9710 1980
9715 2143
9720 2013
9725 1886
9730 2080
9735 2215
9740 2370
9745 2218
9750 2231
9755 2287
9760 2113
9765 2180
9770 2320
9775 2381
9780 2558
9785 2098
9790 1750
9795 2277
9800 2227
9805 2182
9810 2222
9815 2461
9820 2138
9825 2112
9830 2175
9835 2392
9840 2333
9845 1612
9850 1953
9855 2054
9860 2783
9865 2093
9870 2088
9875 2093
9880 2062
9885 2081
9890 2166
9895 2305
9900 2113
9905 1993
9910 2154
9915 2346
9920 2555
9925 2095
9930 2287
9935 2255
9940 2139
9945 2360
9950 2107
9955 2216
9960 2267
9965 2575
9970 2275
9975 2159
9980 2368
9985 2431
9990 2187
9995 2394
10000 2932
