30 265232
40 266144
50 266229
60 264097
70 264442
80 263372
90 254638
100 248714
110 248662
120 248662
130 238265
140 103991
150 106967
160 78137
170 78426
180 77631
190 76758
200 25812
210 26781
220 34116
230 36087
240 34825
250 43465
260 48411
270 54960
280 56870
290 61996
300 65063
310 66186
320 83863
330 84619
340 82921
350 90765
360 95517
370 104776
380 115805
390 123590
400 114816
410 131456
420 136848
430 142499
440 167641
450 163139
460 161320
470 187314
480 190885
490 216092
500 228451
510 247219
520 252918
530 267718
540 285630
550 300316
560 353581
570 352952
580 332806
590 385169
600 365286
610 426920
620 437638
630 462624
640 489138
650 509125
660 553035
670 557610
680 547016
690 599740
700 585741
710 639059
720 608789
730 664923
740 635520
750 671206
760 702074
770 684144
780 728563
790 750763
800 713080
810 778583
820 746559
830 784493
840 761782
850 780784
860 738288
870 744789
880 716868
890 640208
900 677829
910 681896
920 604803
930 633618
940 562101
950 561324
960 531736
970 530945
980 519921
990 509110
1000 512884
1010 505422
1020 478746
1030 539044
1040 500944
1050 568537
1060 529570
1070 611093
1080 629163
1090 664818
1100 735161
1110 743094
1120 815384
1130 854797
1140 825379
1150 877154
1160 835166
1170 861360
1180 787720
1190 776683
1200 701615
1210 696443
1220 642702
1230 596846
1240 608061
1250 615243
1260 564912
1270 591947
1280 566534
1290 594533
1300 587285
1310 615390
1320 616856
1330 633814
1340 633271
1350 614267
1360 592102
1370 615010
1380 530132
1390 523465
1400 431692
1410 395390
1420 345636
1430 313405
1440 286356
1450 264755
1460 243438
1470 246523
1480 218541
1490 217460
1500 189956
1510 200444
1520 177193
1530 186938
1540 170793
1550 177325
1560 182095
1570 177767
1580 189924
1590 195312
1600 184720
1610 203107
1620 201210
1630 217712
1640 221077
1650 241765
1660 250263
1670 289762
1680 326935
1690 359707
1700 360559
1710 413519
1720 412232
1730 441066
1740 406492
1750 383204
1760 355083
1770 340998
1780 322296
1790 312991
1800 297366
1810 303945
1820 272829
1830 275162
1840 233496
1850 223008
1860 174822
1870 158934
1880 116035
1890 93043
1900 79249
1910 65516
1920 57502
1930 56089
1940 46795
1950 41185
1960 33362
1970 31869
1980 26224
1990 25166
2000 21380
2010 19102
2020 17106
2030 15680
2040 15237
2050 15052
2060 12801
2070 12931
2080 11266
2090 10745
2100 9976
2110 9569
2120 8972
2130 9208
2140 8961
2150 9320
2160 8569
2170 8583
2180 9160
2190 9430
2200 8749
2210 8880
2220 8942
2230 8990
2240 9099
2250 9052
2260 8521
2270 9184
2280 9249
2290 10745
2300 8831
2310 10754
2320 11388
2330 12705
2340 13399
2350 13919
2360 14621
2370 12665
2380 11863
2390 12636
2400 10560
2410 8994
2420 7801
2430 6567
2440 5623
2450 5048
2460 4399
2470 3751
2480 3565
2490 3558
2500 2663
2510 3026
2520 2931
2530 2569
2540 2445
2550 2357
2560 2179
2570 2068
2580 1736
2590 1920
2600 1549
2610 2396
2620 1813
2630 1472
2640 1595
2650 1958
2660 1821
2670 1654
2680 1860
2690 1723
2700 1629
2710 1880
2720 1993
2730 1750
2740 1413
2750 1465
2760 2047
2770 1556
2780 2065
2790 1353
2800 1214
2810 1283
2820 2075
2830 2351
2840 1925
2850 1077
2860 1168
2870 1129
2880 939
2890 1104
2900 785
2910 886
2920 870
2930 784
2940 932
2950 915
2960 861
2970 709
2980 841
2990 817
3000 832
3010 735
3020 824
3030 1102
3040 999
3050 1034
3060 1211
3070 1211
3080 597
3090 1039
3100 855
3110 1557
3120 966
3130 1393
3140 1498
3150 1850
3160 2091
3170 2151
3180 2127
3190 2268
3200 2043
3210 2505
3220 2742
3230 2283
3240 1710
3250 2457
3260 2465
3270 2317
3280 1831
3290 2804
3300 3827
3310 4327
3320 4196
3330 4460
3340 5865
3350 6526
3360 6452
3370 7481
3380 8071
3390 9270
3400 9673
3410 10659
3420 11527
3430 14469
3440 15124
3450 19642
3460 22121
3470 28018
3480 33296
3490 40330
3500 49262
3510 54555
3520 57660
3530 73842
3540 90830
3550 113955
3560 130773
3570 157103
3580 164397
3590 197720
3600 216037
3610 245477
3620 248634
3630 274577
3640 292107
3650 323904
3660 345234
3670 377934
3680 370156
3690 393384
3700 377176
3710 377721
3720 362881
3730 382606
3740 363376
3750 383397
3760 370169
3770 403922
3780 390150
3790 422575
3800 399408
3810 391662
3820 360677
3830 341087
3840 300357
3850 297346
3860 265918
3870 248255
3880 217935
3890 216344
3900 191602
3910 197510
3920 178442
3930 176738
3940 173335
3950 176527
3960 163177
3970 185996
3980 184728
3990 207370
4000 193053
4010 250386
4020 231595
4030 298479
4040 277175
4050 352803
4060 343089
4070 387657
4080 348883
4090 366727
4100 338485
4110 350489
4120 315182
4130 332793
4140 297778
4150 318885
4160 293919
4170 312597
4180 275351
4190 294902
4200 236991
4210 237697
4220 187107
4230 178747
4240 132494
4250 133965
4260 102332
4270 93200
4280 81255
4290 78426
4300 65320
4310 69498
4320 63359
4330 66774
4340 54485
4350 63551
4360 51235
4370 63375
4380 51673
4390 61754
4400 65842
4410 71322
4420 66765
4430 75363
4440 77900
4450 89683
4460 92084
4470 112381
4480 109198
4490 116007
4500 107450
4510 94795
4520 79009
4530 68444
4540 61709
4550 48595
4560 37663
4570 30094
4580 23749
4590 17631
4600 13909
4610 11328
4620 9184
4630 7844
4640 7184
4650 6761
4660 5369
4670 4557
4680 3659
4690 3585
4700 3324
4710 2735
4720 2574
4730 2474
4740 2367
4750 2173
4760 1681
4770 1185
4780 840
4790 1122
4800 618
4810 768
4820 568
4830 849
4840 1343
4850 1652
4860 2061
4870 2146
4880 2330
4890 1933
4900 1571
4910 2082
4920 2399
4930 2167
4940 2412
4950 2098
4960 1991
4970 2075
4980 1732
4990 1896
5000 2025
5010 2167
5020 1878
5030 2312
5040 1334
5050 1787
5060 1487
5070 1676
5080 1322
5090 1375
5100 1521
5110 1608
5120 1226
5130 940
5140 1162
5150 1132
5160 944
5170 902
5180 424
5190 535
5200 685
5210 702
5220 591
5230 570
5240 659
5250 680
5260 651
5270 932
5280 1377
5290 1332
5300 1398
5310 1747
5320 1362
5330 1153
5340 1592
5350 1442
5360 1356
5370 1411
5380 878
5390 1170
5400 641
5410 928
5420 1195
5430 672
5440 690
5450 764
5460 574
5470 666
5480 858
5490 886
5500 801
5510 433
5520 1209
5530 1468
5540 2509
5550 2313
5560 2073
5570 1830
5580 1568
5590 1204
5600 1212
5610 1962
5620 2183
5630 1406
5640 1207
5650 777
5660 851
5670 781
5680 935
5690 796
5700 687
5710 740
5720 472
5730 642
5740 571
5750 627
5760 828
5770 1398
5780 1006
5790 843
5800 1272
5810 1422
5820 988
5830 1326
5840 1170
5850 1513
5860 1255
5870 1237
5880 923
5890 1002
5900 1096
5910 1455
5920 986
5930 1078
5940 1232
5950 590
5960 1229
5970 663
5980 601
5990 714
6000 430
6010 742
6020 745
6030 624
6040 884
6050 880
6060 1018
6070 955
6080 1060
6090 1248
6100 1180
6110 1344
6120 1052
6130 1128
6140 1214
6150 1106
6160 1292
6170 1017
6180 1073
6190 812
6200 1222
6210 1017
6220 1189
6230 1179
6240 1029
6250 1061
6260 856
6270 516
6280 1027
6290 1262
6300 703
6310 780
6320 715
6330 1060
6340 833
6350 821
6360 794
6370 723
6380 711
6390 1312
6400 1429
6410 1139
6420 1176
6430 1472
6440 815
6450 951
6460 1265
6470 1622
6480 1587
6490 1297
6500 1090
6510 1623
6520 1881
6530 2313
6540 1971
6550 1536
6560 1386
6570 1223
6580 1451
6590 1359
6600 1461
6610 1841
6620 2146
6630 1538
6640 919
6650 2060
6660 1948
6670 1345
6680 1464
6690 1947
6700 1642
6710 1237
6720 788
6730 1780
6740 2169
6750 2886
6760 2827
6770 3136
6780 4622
6790 4933
6800 5380
6810 6516
6820 7617
6830 9841
6840 12658
6850 14326
6860 18216
6870 21663
6880 28637
6890 35111
6900 49878
6910 55751
6920 75048
6930 94299
6940 128039
6950 163611
6960 209877
6970 257890
6980 333299
6990 372451
7000 461938
7010 497559
7020 512857
7030 642266
7040 715923
7050 875947
7060 857729
7070 951632
7080 908756
7090 1014535
7100 1006165
7110 1145962
7120 1084831
7130 1172049
7140 1118031
7150 971695
7160 935191
7170 794591
7180 687310
7190 678157
7200 603351
7210 638963
7220 595390
7230 652901
7240 609821
7250 664194
7260 676484
7270 719476
7280 739021
7290 780052
7300 787936
7310 821738
7320 762751
7330 825369
7340 762546
7350 834764
7360 834764
7370 835807
7380 866191
7390 896054
7400 856185
7410 808692
7420 706338
7430 597155
7440 483312
7450 406118
7460 381310
7470 327549
7480 328128
7490 325875
7500 292022
7510 275503
7520 283978
7530 265834
7540 274367
7550 251478
7560 262396
7570 230367
7580 228417
7590 218847
7600 194632
7610 181638
7620 155117
7630 124021
7640 90453
7650 57678
7660 45942
7670 30094
7680 24153
7690 15994
7700 15253
7710 11632
7720 9006
7730 7027
7840 3642
7850 1429
7860 1647
7870 2039
7900 1177
7910 884
7920 810
7940 921
7950 921
7960 746
7970 562
7980 1199
7990 1721
8000 1301
8010 1160
8030 567
8040 615
8050 827
8060 1299
8070 1260
8080 978
8100 807
8110 807
8120 1265
8130 1388
8140 1580
8150 1580
8160 932
8170 875
8180 869
8190 1001
8200 1271
8210 1309
8220 1300
8230 985
8240 942
8250 961
8260 972
8270 1002
8280 1380
8290 1170
8300 1185
8310 1248
8320 1136
8330 949
8340 1322
8350 1263
8360 1161
8370 734
8380 805
8390 1064
8400 878
8410 1076
8420 1187
8430 1082
8440 974
8450 993
8460 919
8470 1058
8480 751
8490 898
8500 1396
8510 1455
8520 1321
8530 1122
8540 1205
8550 1343
8560 1814
8570 1222
8580 1400
8590 881
8600 1294
8610 1294
8620 926
8630 1088
8640 1690
8650 1560
8660 1403
8670 1181
8680 1077
8690 778
8700 1355
8710 1272
8720 1279
8730 1381
8740 1443
8750 1787
8760 1277
8770 604
8780 577
8790 1105
8800 1328
8810 1882
8820 1778
8830 1792
8840 1751
8850 1393
8860 1827
8870 1452
8880 1058
8890 1296
8900 1075
8910 1245
8920 1508
8930 1188
8940 1178
8950 1178
8960 1331
8970 1151
8980 969
8990 1134
9000 1149
9010 1255
9020 1330
9030 1498
9040 1386
9050 1375
9060 1375
9070 1302
9080 1262
9090 1160
9100 1327
9110 1242
9120 1004
9130 1278
9140 1316
9150 1479
9160 1685
9170 1660
9180 1484
9190 1326
9200 1264
9210 1146
9220 1422
9230 1593
9240 1281
9250 1123
9260 2160
9270 1305
9280 1114
9290 1089
9300 1102
9310 1249
9320 1254
9330 1455
9340 1242
9350 1233
9360 1516
9370 1112
9380 1045
9390 1271
9400 1271
9410 1560
9420 1475
9430 1469
9440 1346
9450 1196
9460 1016
9470 1212
9480 1236
9490 1307
9500 1666
9510 1666
9520 1122
9530 1364
9540 911
9550 1400
9560 1321
9570 1261
9580 1794
9590 1585
9600 1232
9610 1696
9620 1808
9630 1334
9640 1162
9650 1169
9660 1488
9670 1620
9680 1294
9690 1713
9700 1721
9710 1389
9720 1366
9730 1359
9740 1359
9750 1355
9760 1163
9770 1201
9780 1188
9790 1231
9800 1564
9810 1661
9820 1469
9830 1665
9840 1520
9850 1520
9860 1296
9870 1409
9880 1569
9890 1540
9900 1392
9910 1306
9920 1214
9930 1281
9940 1142
9950 1249
9960 1288
9970 1196
9980 1222
9990 1193
10000 1653
