25 248116
30 251318
35 250074
40 245884
45 242833
50 244233
55 247761
60 245971
65 247350
70 245665
75 252658
80 252576
85 260573
90 258298
95 258711
100 257652
105 252508
110 253566
115 252773
120 249496
125 245045
130 106870
135 103151
140 111896
145 101573
150 54646
155 56867
160 56680
165 56017
170 55497
175 54940
180 55685
185 53387
190 29035
195 29948
200 29197
205 29840
210 31990
215 34712
220 36293
225 36243
230 41966
235 48178
240 45354
245 41734
250 52881
255 58218
260 56530
265 51642
270 56098
275 62155
280 64423
285 60073
290 72909
295 75023
300 71990
305 64130
310 81568
315 87756
320 82699
325 77441
330 83178
335 90402
340 89507
345 81550
350 97552
355 111030
360 107574
365 106684
370 123239
375 121614
380 118959
385 117105
390 131412
395 137995
400 132706
405 128251
410 143374
415 148956
420 144238
425 143006
430 153873
435 172264
440 172492
445 167199
450 186906
455 197075
460 194504
465 192793
470 218153
475 221807
480 212161
485 211789
490 231535
495 253502
500 247332
505 238786
510 255423
515 275508
520 266835
525 268541
530 305531
535 315768
540 303887
545 302476
550 320597
555 352320
560 344261
565 334263
570 366664
575 390314
580 367805
585 379410
590 427035
595 439382
600 431132
605 412443
610 425344
615 483047
620 464995
625 446760
630 508549
635 535824
640 509687
645 507995
650 558321
655 572943
660 577692
665 541804
670 558508
675 620572
680 604593
685 538617
690 627843
695 649397
700 619942
705 559335
710 649604
715 673269
720 656778
725 601024
730 645418
735 693995
740 682138
745 626999
750 705989
755 726356
760 682017
765 634484
770 655995
775 741065
780 745506
785 672186
790 738725
795 789901
800 762849
805 693810
810 784162
815 802512
820 772996
825 743928
830 723743
835 801961
840 801781
845 722533
850 777334
855 781363
860 715318
865 670223
870 733892
875 705932
880 658303
885 631524
890 641013
895 673459
900 638346
905 585819
910 608425
915 617840
920 555438
925 529289
930 573892
935 572995
940 550993
945 503542
950 532773
955 554112
960 521096
965 486841
970 519757
975 536035
980 492177
985 496162
990 534925
995 536962
1000 529689
1005 490700
1010 514579
1015 555045
1020 517750
1025 503906
1030 557492
1035 580690
1040 540934
1045 556428
1050 605644
1055 617555
1060 610338
1065 588977
1070 638577
1075 695401
1080 660286
1085 658093
1090 750803
1095 779377
1100 733319
1105 720472
1110 779939
1115 841495
1120 842604
1125 776667
1130 826843
1135 889743
1140 852377
1145 757175
1150 857886
1155 864672
1160 812077
1165 791616
1170 740149
1175 790650
1180 742253
1185 650510
1190 682632
1195 712267
1200 672652
1205 589220
1210 639383
1215 652058
1220 636417
1225 575980
1230 543079
1235 603553
1240 593203
1245 515108
1250 574188
1255 599244
1260 573928
1265 501760
1270 593010
1275 615372
1280 603404
1285 559578
1290 557523
1295 624028
1300 627912
1305 569167
1310 637609
1315 670468
1320 631396
1325 595410
1330 666124
1335 667619
1340 624038
1345 579933
1350 595221
1355 606176
1360 558128
1365 503684
1370 514325
1375 498446
1380 429893
1385 400296
1390 404825
1395 419793
1400 382813
1405 333383
1410 343614
1415 335014
1420 302260
1425 274720
1430 287862
1435 274465
1440 241355
1445 231369
1450 237806
1455 246182
1460 232638
1465 207800
1470 212916
1475 216329
1480 194783
1485 183307
1490 199367
1495 198455
1500 177033
1505 175668
1510 182876
1515 189528
1520 177213
1525 167342
1530 176768
1535 184335
1540 167758
1545 169273
1550 186363
1555 186387
1560 186387
1565 169635
1570 178756
1575 193933
1580 192666
1585 177718
1590 189291
1595 211851
1600 207895
1605 196352
1610 227408
1615 242823
1620 241501
1625 230547
1630 235739
1635 271487
1640 272032
1645 248722
1650 284474
1655 307891
1660 304168
1665 285487
1670 322830
1675 334527
1680 347755
1685 329741
1690 339482
1695 392588
1700 392268
1705 346476
1710 398139
1715 418097
1720 394643
1725 334534
1730 348658
1735 382016
1740 372730
1745 328822
1750 319939
1755 341442
1760 331415
1765 287069
1770 306401
1775 312685
1780 286248
1785 271260
1790 276170
1795 296126
1800 273072
1805 253617
1810 265569
1815 264701
1820 239566
1825 216479
1830 217540
1835 200638
1840 173557
1845 169899
1850 158440
1855 156020
1860 134071
1865 112126
1870 111473
1875 103883
1880 86076
1885 78686
1890 78472
1895 72664
1900 67568
1905 58786
1910 56637
1915 55809
1920 49294
1925 42526
1930 43339
1935 40481
1940 34234
1945 31990
1950 33014
1955 32971
1960 30604
1965 25889
1970 26039
1975 25719
1980 23075
1985 20971
1990 21391
1995 20819
2000 17569
2005 17247
2010 18155
2015 18052
2020 16964
2025 15078
2030 15153
2035 14810
2040 14213
2045 12074
2050 13266
2055 12738
2060 11940
2065 10649
2070 11089
2075 11663
2080 11137
2085 10292
2090 9716
2095 10409
2100 9449
2105 8844
2110 9436
2115 9321
2120 9499
2125 8964
2130 8117
2135 8556
2140 8923
2145 8391
2150 8331
2155 8865
2160 8891
2165 7715
2170 9041
2175 8573
2180 8920
2185 8887
2190 8154
2195 8467
2200 7873
2205 7625
2210 8084
2215 8474
2220 8622
2225 8471
2230 8775
2235 9020
2240 9054
2245 8906
2250 8578
2255 9892
2260 8703
2265 8769
2270 9355
2275 10232
2280 9279
2285 9483
2290 10436
2295 10759
2300 11092
2305 10971
2310 12198
2315 13003
2320 12282
2325 12691
2330 13953
2335 14914
2340 13215
2345 13260
2350 14484
2355 14439
2360 12953
2365 11577
2370 11759
2375 12059
2380 10160
2385 8800
2390 9190
2395 8149
2400 6429
2405 7211
2410 7108
2415 6032
2420 5280
2425 4899
2430 4839
2435 4801
2440 4777
2445 4337
2450 4219
2455 3981
2460 3065
2465 3063
2470 3034
2475 2870
2480 2858
2485 3237
2490 3149
2495 2912
2500 2936
2505 2773
2510 3217
2515 2560
2520 2288
2525 2302
2530 2130
2535 2143
2540 2612
2545 2197
2550 1976
2555 1917
2560 1709
2565 1536
2570 2511
2575 2142
2580 2142
2585 1908
2590 1767
2595 2045
2600 2158
2605 1961
2610 2126
2615 1986
2620 1563
2625 1572
2630 1912
2635 1850
2640 1522
2645 1978
2650 1546
2655 1046
2660 1178
2665 1394
2670 1542
2675 1830
2680 1471
2685 1572
2690 1658
2695 1680
2700 1441
2705 1642
2710 1645
2715 1250
2720 694
2725 1270
2730 1870
2735 2092
2740 1675
2745 963
2750 894
2755 1393
2760 1583
2765 1336
2770 1445
2775 1710
2780 1220
2785 1201
2790 1211
2795 1343
2800 1356
2805 1384
2810 2165
2815 1348
2820 1026
2825 931
2830 1186
2835 1013
2840 1111
2845 1411
2850 1360
2855 1593
2860 1541
2865 1247
2870 1325
2875 941
2880 1214
2885 1625
2890 1242
2895 1151
2900 904
2905 896
2910 918
2915 1081
2920 983
2925 871
2930 1078
2935 1138
2940 928
2945 1219
2950 889
2955 835
2960 558
2965 911
2970 992
2975 992
2980 860
2985 604
2990 709
2995 718
3000 679
3005 875
3010 792
3015 709
3020 805
3025 796
3030 786
3035 643
3040 607
3045 1001
3050 639
3055 540
3060 652
3065 709
3070 661
3075 969
3080 761
3085 722
3090 699
3095 650
3100 781
3105 1073
3110 965
3115 832
3120 1360
3125 1200
3130 1077
3135 1127
3140 1853
3145 1714
3150 1422
3155 1520
3160 1403
3165 1652
3170 1576
3175 1654
3180 2384
3185 1909
3190 2454
3195 2164
3200 2164
3205 2089
3210 2002
3215 2449
3220 2453
3225 2586
3230 2740
3235 2608
3240 2393
3245 2603
3250 3042
3255 3140
3260 3069
3265 2080
3270 1940
3275 3485
3280 3706
3285 3812
3290 3897
3295 3859
3300 3926
3305 3990
3310 4552
3315 4872
3320 5624
3325 5517
3330 5509
3335 5803
3340 6044
3345 6809
3350 8033
3355 7466
3360 7660
3365 8787
3370 9001
3375 9351
3380 9533
3385 9774
3390 10896
3395 12018
3400 11949
3405 12971
3410 15611
3415 17304
3420 15590
3425 15590
3430 18221
3435 19439
3440 20906
3445 21890
3450 24647
3455 27919
3460 28798
3465 30133
3470 36249
3475 41116
3480 42016
3485 42315
3490 46092
3495 51899
3500 59457
3505 62676
3510 72147
3515 83511
3520 91347
3525 90860
3530 105968
3535 125725
3540 128983
3545 132027
3550 135554
3555 154389
3560 169709
3565 169780
3570 174960
3575 207370
3580 214556
3585 198647
3590 221081
3595 221906
3600 253161
3605 250494
3610 251082
3615 276919
3620 302659
3625 299055
3630 300263
3635 343854
3640 354681
3645 319697
3650 352595
3655 354819
3660 388183
3665 386918
3670 356980
3675 381524
3680 391837
3685 363324
3690 355073
3695 378226
3700 346849
3705 350531
3710 354838
3715 383956
3720 369726
3725 339020
3730 362284
3735 389230
3740 362592
3745 368126
3750 405379
3755 413477
3760 376300
3765 373772
3770 408369
3775 426366
3780 402748
3785 379806
3790 401308
3795 409342
3800 364058
3805 354338
3810 366335
3815 346281
3820 288214
3825 288214
3830 296287
3835 289131
3840 257612
3845 241099
3850 248353
3855 242386
3860 212740
3865 206431
3870 220157
3875 208018
3880 207053
3885 179346
3890 190364
3895 201262
3900 182124
3905 175058
3910 185680
3915 183673
3920 164312
3925 170251
3930 181699
3935 184017
3940 190110
3945 176045
3950 175508
3955 195788
3960 199435
3965 187984
3970 206274
3975 220569
3980 215343
3985 202284
3990 237037
3995 244610
4000 253912
4005 246692
4010 261112
4015 293916
4020 305670
4025 296368
4030 318732
4035 362215
4040 350412
4045 312105
4050 312105
4055 371853
4060 380639
4065 345185
4070 351038
4075 373982
4080 355756
4085 329717
4090 340800
4095 353144
4100 325861
4105 324090
4110 301910
4115 331832
4120 338615
4125 312509
4130 304123
4135 330582
4140 314011
4145 283006
4150 304798
4155 319762
4160 318257
4165 285963
4170 271489
4175 285060
4180 271594
4185 234437
4190 214728
4195 222990
4200 198409
4205 164106
4210 169406
4215 164616
4220 164189
4225 138514
4230 122618
4235 125428
4240 117870
4245 102752
4250 97101
4255 100243
4260 91330
4265 74799
4270 83193
4275 83193
4280 81454
4285 73368
4290 67902
4295 72502
4300 68481
4305 60177
4310 61851
4315 65716
4320 63046
4325 55188
4330 54399
4335 61466
4340 62424
4345 58199
4350 55788
4355 62119
4360 61573
4365 56309
4370 62197
4375 65880
4380 64406
4385 60287
4390 60900
4395 70158
4400 72921
4405 70056
4410 71616
4415 81965
4420 84594
4425 80038
4430 94030
4435 101967
4440 101037
4445 100933
4450 92126
4455 112344
4460 116537
4465 108332
4470 106475
4475 117587
4480 115624
4485 101660
4490 100089
4495 101313
4500 100933
4505 89908
4510 72911
4515 73520
4520 66745
4525 52121
4530 46717
4535 45006
4540 39376
4545 31269
4550 29018
4555 27812
4560 26613
4565 21352
4570 17917
4575 18077
4580 16469
4585 13507
4590 12152
4595 11256
4600 9769
4605 7510
4610 8226
4615 8467
4620 7415
4625 6143
4630 5393
4635 5608
4640 5051
4645 4152
4650 4018
4655 4400
4660 3700
4665 3125
4670 3104
4675 3911
4680 3591
4685 2597
4690 2620
4695 3057
4700 2985
4705 2660
4710 2630
4715 2469
4720 1850
4725 2209
4730 2192
4735 2084
4740 2055
4745 1473
4750 1841
4755 2268
4760 1808
4765 1756
4770 2041
4775 1973
4780 1404
4785 1290
4790 1904
4795 1561
4800 1023
4805 1527
4810 940
4815 1100
4820 834
4825 1055
4830 1267
4835 1197
4840 1190
4845 596
4850 1323
4855 1025
4860 1233
4865 1162
4870 1190
4875 1240
4880 1090
4885 911
4890 825
4895 825
4900 1038
4905 1418
4910 1508
4915 791
4920 1598
4925 1638
4930 1314
4935 1303
4940 1429
4945 1497
4950 1532
4955 1560
4960 1781
4965 1914
4970 1564
4975 2227
4980 2119
4985 1999
4990 2037
4995 2331
5000 2189
5005 2055
5010 2046
5015 1866
5020 2065
5025 2120
5030 1981
5035 2236
5040 2493
5045 2316
5050 2558
5055 2617
5060 1412
5065 1369
5070 1572
5075 1684
5080 2074
5085 1657
5090 1896
5095 1907
5100 1621
5105 1249
5110 1581
5115 1594
5120 984
5125 987
5130 1077
5135 1509
5140 1261
5145 1101
5150 742
5155 898
5160 960
5165 1026
5170 784
5175 655
5180 642
5185 562
5190 555
5195 864
5200 580
5205 782
5210 649
5215 743
5220 506
5225 537
5230 678
5235 696
5240 668
5245 604
5250 601
5255 789
5260 841
5265 806
5270 734
5275 906
5280 1090
5285 643
5290 624
5295 624
5300 1410
5305 809
5310 1517
5315 1880
5320 1649
5325 1418
5330 1364
5335 1333
5340 1651
5345 1711
5350 1670
5355 1574
5360 1659
5365 1233
5370 1332
5375 1557
5380 1385
5385 1279
5390 1303
5395 1929
5400 1604
5405 1390
5410 1145
5415 1197
5420 1274
5425 1112
5430 1189
5435 993
5440 752
5445 661
5450 749
5455 931
5460 868
5465 850
5470 531
5475 534
5480 732
5485 793
5490 808
5495 810
5500 900
5505 836
5510 1022
5515 865
5520 865
5525 1001
5530 1253
5535 1539
5540 1515
5545 1343
5550 1006
5555 1137
5560 1171
5565 849
5570 636
5575 597
5580 590
5585 618
5590 1161
5595 1209
5600 1055
5605 1450
5610 1145
5615 1082
5620 1299
5625 1049
5630 888
5635 609
5640 707
5645 969
5650 799
5655 790
5660 1217
5665 1646
5670 1127
5675 929
5680 1217
5685 764
5690 707
5695 627
5700 1036
5705 689
5710 961
5715 1131
5720 913
5725 1069
5730 953
5735 896
5740 727
5745 727
5750 1021
5755 539
5760 899
5765 920
5770 1064
5775 1009
5780 1195
5785 1236
5790 1322
5795 1295
5800 1208
5805 1022
5810 1296
5815 1473
5820 1590
5825 1512
5830 1396
5835 1656
5840 1538
5845 1384
5850 1189
5855 1410
5860 1515
5865 1387
5870 1645
5875 1712
5880 1471
5885 1534
5890 1786
5895 1776
5900 1657
5905 875
5910 1135
5915 1176
5920 1367
5925 1181
5930 1036
5935 1140
5940 1363
5945 986
5950 965
5955 898
5960 1029
5965 895
5970 770
5975 885
5980 575
5985 595
5990 687
5995 1010
6000 1022
6005 795
6010 889
6015 605
6020 529
6025 475
6030 440
6035 552
6040 843
6045 1093
6050 775
6055 676
6060 717
6065 765
6070 1132
6075 850
6080 963
6085 986
6090 1048
6095 904
6100 947
6105 782
6110 1254
6115 1329
6120 1161
6125 1063
6130 952
6135 836
6140 836
6145 984
6150 864
6155 1012
6160 812
6165 653
6170 739
6175 749
6180 835
6185 703
6190 828
6195 856
6200 789
6205 1027
6210 930
6215 936
6220 706
6225 862
6230 1172
6235 1095
6240 1292
6245 1009
6250 1104
6255 1190
6260 1501
6265 946
6270 839
6275 894
6280 1187
6285 1117
6290 1359
6295 1314
6300 1209
6305 1159
6310 1151
6315 1428
6320 878
6325 1053
6330 815
6335 1292
6340 1209
6345 887
6350 1145
6355 1340
6360 1485
6365 1519
6370 1648
6375 1223
6380 1622
6385 1984
6390 1462
6395 1537
6400 1423
6405 1772
6410 2036
6415 2053
6420 1863
6425 1762
6430 1137
6435 1538
6440 2247
6445 2055
6450 1101
6455 1946
6460 1793
6465 1232
6470 1167
6475 1009
6480 962
6485 1213
6490 1063
6495 1142
6500 1384
6505 1158
6510 1416
6515 1787
6520 1736
6525 1077
6530 1390
6535 1447
6540 1716
6545 1365
6550 1493
6555 1382
6560 1075
6565 1751
6570 1277
6575 1314
6580 1531
6585 1442
6590 1091
6595 1024
6600 1547
6605 1298
6610 1692
6615 1198
6620 1201
6625 1212
6630 1700
6635 1552
6640 1657
6645 1766
6650 1764
6655 2093
6660 1875
6665 2462
6670 2497
6675 2153
6680 2298
6685 2442
6690 2027
6695 1730
6700 1197
6705 1107
6710 2106
6715 2467
6720 2527
6725 2367
6730 3003
6735 3422
6740 3178
6745 2794
6750 2811
6755 2822
6760 3528
6765 3581
6770 4350
6775 4451
6780 4787
6785 5048
6790 4913
6795 6243
6800 6220
6805 7313
6810 9468
6815 10493
6820 10621
6825 10618
6830 11925
6835 13499
6840 14227
6845 14864
6850 18863
6855 23883
6860 24565
6865 27643
6870 35219
6875 37785
6880 40832
6885 43211
6890 55566
6895 65634
6900 71650
6905 74669
6910 96392
6915 114887
6920 122276
6925 147160
6930 188178
6935 191737
6940 205702
6945 199996
6950 253291
6955 292463
6960 297122
6965 311099
6970 361891
6975 402825
6980 402418
6985 451647
6990 484318
6995 547423
7000 563298
7005 534122
7010 659542
7015 752314
7020 753782
7025 785292
7030 879610
7035 910006
7040 840684
7045 795723
7050 889175
7055 981317
7060 950950
7065 854736
7070 1007578
7075 1057145
7080 1028105
7085 984707
7090 1145271
7095 1175911
7100 1177353
7105 1155291
7110 1030386
7115 1074234
7120 1113955
7125 994596
7130 874072
7135 933496
7140 890588
7145 787385
7150 723944
7155 757803
7160 757220
7165 691477
7170 604233
7175 655853
7180 656796
7185 584691
7190 576275
7195 633136
7200 629873
7205 577172
7210 590366
7215 641013
7220 662381
7225 638498
7230 598936
7235 673440
7240 718419
7245 695998
7250 667351
7255 760802
7260 779118
7265 715255
7270 685772
7275 752294
7280 824671
7285 793155
7290 725699
7295 803405
7300 837041
7305 788107
7310 703319
7315 809497
7320 802338
7325 716351
7330 693283
7335 783963
7340 852298
7345 819623
7350 774224
7355 874971
7360 914900
7365 863730
7370 823689
7375 896503
7380 865308
7385 833277
7390 704547
7395 757331
7400 740427
7405 655859
7410 529117
7415 543398
7420 502916
7425 433174
7430 400997
7435 411222
7440 409252
7445 372304
7450 309165
7455 342084
7460 338220
7465 302394
7470 270510
7475 301487
7480 294779
7485 260498
7490 270116
7495 285492
7500 289471
7505 276430
7510 251706
7515 276363
7520 283547
7525 264087
7530 238088
7535 258644
7540 266042
7545 236774
7550 235533
7555 236854
7560 240553
7565 225968
7570 196055
7575 201723
7580 199662
7585 180146
7590 158878
7595 166165
7600 157837
7605 131561
7610 113618
7615 112427
7620 104053
7625 86789
7630 66115
7635 60020
7640 50879
7645 38184
7650 32228
7655 29103
7660 25862
7665 19914
7670 17604
7675 16441
7680 15039
7685 13067
7690 10332
7695 9806
7700 8886
7705 7573
7710 6239
7715 5646
7720 4996
7725 4782
7730 4123
7735 3819
7740 3697
7745 2901
7750 2513
7755 2708
7760 2176
7765 2197
7770 2005
7775 2222
7780 2119
7785 2105
7790 1422
7795 1592
7800 1817
7805 1364
7810 1338
7815 1431
7820 1358
7825 1268
7830 1280
7835 1225
7840 1634
7845 2068
7850 1588
7855 2361
7860 1766
7865 2066
7870 1873
7875 1964
7880 1454
7885 1352
7890 1374
7895 1397
7900 1786
7905 1648
7910 1835
7915 2313
7920 2017
7925 1982
7930 1723
7935 1271
7940 952
7945 638
7950 625
7955 603
7960 826
7965 719
7970 1029
7975 1358
7980 1212
7985 933
7990 1478
7995 1544
8000 846
8005 629
8010 840
8015 740
8020 450
8025 611
8030 1442
8035 1270
8040 1435
8045 1275
8050 1196
8055 1182
8060 1054
8065 896
8070 822
8075 772
8080 511
8085 519
8090 734
8095 674
8100 1077
8105 1049
8110 1026
8115 996
8120 965
8125 995
8130 1147
8135 857
8140 818
8145 1327
8150 1135
8155 724
8160 934
8165 1098
8170 1228
8175 1315
8180 1274
8185 961
8190 1107
8195 1122
8200 1413
8205 977
8210 832
8215 1349
8220 1253
8225 1035
8230 931
8235 1343
8240 1433
8245 1213
8250 1294
8255 1772
8260 1574
8265 1706
8270 1457
8275 1349
8280 1325
8285 1410
8290 1408
8295 1316
8300 1250
8305 1560
8310 1837
8315 955
8320 1402
8325 1161
8330 1262
8335 1604
8340 1493
8345 1235
8350 1338
8355 1315
8360 1466
8365 1489
8370 1192
8375 1066
8380 1412
8385 1109
8390 858
8395 1517
8400 1642
8405 1663
8410 810
8415 1394
8420 1832
8425 1310
8430 1188
8435 1482
8440 1704
8445 1313
8450 1291
8455 1519
8460 1607
8465 1328
8470 1252
8475 1651
8480 1337
8485 1134
8490 1218
8495 1517
8500 1221
8505 1094
8510 1255
8515 1275
8520 1366
8525 1221
8530 862
8535 1148
8540 796
8545 1105
8550 1146
8555 1362
8560 1627
8565 1289
8570 1290
8575 991
8580 1290
8585 1009
8590 942
8595 1189
8600 989
8605 630
8610 701
8615 1235
8620 931
8625 1019
8630 1105
8635 1014
8640 934
8645 1043
8650 1288
8655 1122
8660 801
8665 528
8670 544
8675 678
8680 825
8685 809
8690 994
8695 1372
8700 1880
8705 1146
8710 1456
8715 1662
8720 1362
8725 1639
8730 1661
8735 1501
8740 1258
8745 1113
8750 1023
8755 792
8760 615
8765 755
8770 1244
8775 1396
8780 1829
8785 1584
8790 1651
8795 2166
8800 2383
8805 2259
8810 1978
8815 2010
8820 2082
8825 1728
8830 1353
8835 1601
8840 1496
8845 1220
8850 891
8855 1474
8860 1311
8865 1276
8870 1617
8875 1526
8880 932
8885 1106
8890 1179
8895 898
8900 907
8905 1041
8910 1081
8915 1162
8920 1151
8925 1162
8930 1243
8935 1534
8940 1671
8945 1016
8950 1332
8955 967
8960 1230
8965 1257
8970 1227
8975 1287
8980 1212
8985 1040
8990 1151
8995 1243
9000 1155
9005 1470
9010 1132
9015 1360
9020 1317
9025 1236
9030 1094
9035 1114
9040 1229
9045 1193
9050 676
9055 1189
9060 1453
9065 1341
9070 1433
9075 1448
9080 1358
9085 1490
9090 1044
9095 1370
9100 1265
9105 1398
9110 1085
9115 1228
9120 1444
9125 1356
9130 1622
9135 1402
9140 1062
9145 980
9150 1101
9155 1668
9160 1321
9165 1854
9170 1460
9175 1204
9180 1645
9185 1339
9190 1203
9195 1238
9200 1261
9205 988
9210 1142
9215 1502
9220 1538
9225 1352
9230 1190
9235 1174
9240 1418
9245 1146
9250 1056
9255 1574
9260 1123
9265 1388
9270 1570
9275 1561
9280 1665
9285 1216
9290 1249
9295 1686
9300 1681
9305 1392
9310 1331
9315 1351
9320 1703
9325 1554
9330 1704
9335 1394
9340 1448
9345 1277
9350 1276
9355 1365
9360 1484
9365 1419
9370 1460
9375 1497
9380 1497
9385 1735
9390 1121
9395 1181
9400 1443
9405 1472
9410 1278
9415 1400
9420 1424
9425 1349
9430 1503
9435 1252
9440 1363
9445 1465
9450 1086
9455 1327
9460 1486
9465 1398
9470 1670
9475 1287
9480 1121
9485 1263
9490 1217
9495 1428
9500 1582
9505 1257
9510 1063
9515 1202
9520 1297
9525 1328
9530 1444
9535 1496
9540 1329
9545 974
9550 1368
9555 1453
9560 1471
9565 1212
9570 1026
9575 1207
9580 1401
9585 1127
9590 1051
9595 1227
9600 1278
9605 1246
9610 1249
9615 1193
9620 1522
9625 1214
9630 1021
9635 1224
9640 1622
9645 1541
9650 1573
9655 1280
9660 1479
9665 1438
9670 1451
9675 1551
9680 1493
9685 1360
9690 1680
9695 1458
9700 1354
9705 1177
9710 1135
9715 1284
9720 1314
9725 1591
9730 1212
9735 1378
9740 1500
9745 1406
9750 1140
9755 1541
9760 1635
9765 1636
9770 1718
9775 1760
9780 1260
9785 1503
9790 1454
9795 1435
9800 1245
9805 1018
9810 1567
9815 1780
9820 1652
9825 1515
9830 1283
9835 1473
9840 1557
9845 1418
9850 1228
9855 1428
9860 1379
9865 1722
9870 1331
9875 1484
9880 1642
9885 1128
9890 1519
9895 1301
9900 1369
9905 1606
9910 886
9915 1290
9920 1449
9925 1008
9930 972
9935 1258
9940 1471
9945 1392
9950 1174
9955 1888
9960 1541
9965 1034
9970 1381
9975 1551
9980 1532
9985 1476
9990 1393
9995 1494
10000 1725
