40 248189
60 247136
80 246263
100 242987
120 241945
140 240592
160 105258
180 59355
200 56988
220 16777
240 21386
260 25267
280 34594
300 38481
320 42193
340 49026
360 52508
380 60343
400 73866
420 84659
440 99761
460 114959
480 134750
500 154849
520 167384
540 168556
560 201066
580 228010
600 263044
620 291362
640 327560
660 363199
680 403181
700 459487
720 485211
740 504747
760 507212
780 523782
800 548736
820 575301
840 603100
860 628717
880 626406
900 603776
920 561681
940 516892
960 472000
980 436515
1000 433348
1020 424435
1040 422307
1060 428321
1080 447932
1100 492992
1120 573405
1140 630080
1160 695179
1180 724797
1200 685492
1220 685492
1240 596633
1260 528659
1280 495889
1300 482800
1320 489844
1340 509206
1360 534892
1380 535442
1400 459122
1420 377540
1440 377540
1460 304079
1480 243050
1500 203046
1520 175002
1540 159207
1560 149242
1580 147223
1600 150875
1620 159916
1640 178341
1660 202551
1680 206039
1700 234612
1720 261902
1740 312029
1760 350319
1780 336877
1800 294055
1820 270073
1840 248555
1860 218347
1880 171911
1900 148262
1920 96832
1940 68571
1960 48403
1980 35821
2000 28621
2020 22647
2040 17379
2060 14077
2080 12314
2100 10722
2120 10622
2140 9248
2160 9134
2180 7841
2200 7602
2220 7606
2240 7643
2260 7691
2280 7499
2300 8750
2320 9431
2340 10229
2360 10442
2380 12080
2400 13209
2420 11344
2440 7716
2460 5145
2480 4503
2500 3574
2520 2979
2540 2022
2560 2098
2580 2205
2600 2046
2620 1535
2640 1886
2660 1896
2680 1293
2700 1234
2720 1009
2740 1703
2760 943
2780 1093
2800 1111
2820 1545
2840 1083
2860 961
2880 1211
2900 1698
2920 1476
2940 997
2960 1083
2980 1370
3000 681
3020 681
3040 895
3060 586
3080 560
3100 611
3120 795
3140 715
3160 962
3180 1319
3200 1378
3220 1664
3240 1756
3260 1742
3280 2148
3300 2470
3320 2291
3340 3459
3360 4660
3380 5603
3400 7584
3420 8998
3440 11478
3460 15030
3480 16173
3500 20377
3520 30407
3540 46456
3560 67171
3580 95247
3600 131706
3620 166592
3640 198121
3660 246581
3680 301557
3700 305612
3720 327803
3740 330814
3760 331697
3780 342318
3800 379587
3820 392449
3840 374562
3860 326078
3880 273763
3900 223600
3920 193165
3940 186080
3960 176369
3980 169032
4000 176803
4020 187736
4040 210082
4060 273907
4080 325752
4100 352622
4120 345317
4140 329023
4160 323217
4180 314899
4200 299910
4220 277495
4240 231371
4260 171477
4280 128990
4300 100057
4320 77061
4340 64395
4360 58645
4380 57758
4400 57210
4420 58774
4440 62433
4460 73496
4480 90813
4500 104965
4520 111943
4540 100506
4560 73246
4580 47450
4600 25927
4620 21652
4640 13550
4660 8513
4680 5588
4700 4702
4720 3061
4740 2969
4760 2604
4780 2282
4800 1910
4820 1303
4840 1118
4860 1016
4880 674
4900 1207
4920 906
4940 659
4960 1293
4980 1288
5000 1829
5020 1647
5040 2104
5060 2247
5080 2245
5100 2036
5120 1848
5140 2160
5160 1226
5180 1000
5200 1188
5220 1065
5240 667
5260 540
5280 950
5300 983
5320 530
5340 697
5360 1389
5380 1577
5400 1773
5420 1128
5440 1278
5460 1351
5480 933
5500 476
5520 455
5540 614
5560 365
5580 1127
5600 1387
5620 878
5640 846
5660 1113
5680 1009
5700 807
5720 663
5740 595
5760 665
5780 1203
5800 824
5820 584
5840 979
5860 1232
5880 1110
5900 1527
5920 1064
5940 1179
5960 1228
5980 1186
6000 1013
6020 873
6040 871
6060 824
6080 693
6100 675
6120 884
6140 916
6160 632
6180 603
6200 608
6220 816
6240 774
6260 949
6280 945
6300 1176
6320 1306
6340 1188
6360 990
6380 961
6400 1010
6420 1041
6440 1364
6460 1232
6480 1173
6500 1635
6520 1501
6540 692
6560 1032
6580 1284
6600 987
6620 1275
6640 1563
6660 1587
6680 995
6700 1286
6720 1655
6740 1768
6760 1535
6780 2490
6800 3229
6820 3277
6840 4735
6860 7619
6880 10084
6900 13958
6920 23706
6940 41940
6960 70946
6980 127589
7000 229135
7020 335840
7040 469770
7060 640072
7080 784651
7100 865984
7120 872920
7140 935818
7160 1049061
7180 941826
7200 744197
7220 599145
7240 553992
7260 558029
7280 599762
7300 677588
7320 705056
7340 732932
7360 725419
7380 716708
7400 762274
7420 831092
7440 773829
7460 611007
7480 415479
7500 331570
7520 279757
7540 248360
7560 242436
7580 236615
7600 233688
7620 213102
7640 179883
7660 140369
7680 74961
7700 33441
7720 17218
7740 9848
7760 5670
7780 4311
7800 3756
7820 2185
7840 1720
7860 1031
7880 1304
7900 1603
7920 1946
7940 1611
7960 1701
7980 1216
8000 606
8020 637
8040 1077
8060 1265
8080 981
8100 1086
8120 1135
8140 594
8160 1270
8180 688
8200 983
8220 1097
8240 1524
8260 1216
8280 955
8300 1169
8320 1506
8340 1264
8360 1241
8380 1091
8400 1160
8420 1198
8440 1440
8460 1449
8480 1387
8500 1169
8520 1088
8540 1298
8560 1253
8580 1113
8600 819
8620 959
8640 948
8660 1006
8680 1154
8700 1189
8720 1237
8740 999
8760 1221
8780 1754
8800 1008
8820 1260
8840 1209
8860 2200
8880 1705
8900 1278
8920 1271
8940 1011
8960 848
8980 1061
9000 1127
9020 776
9040 1305
9060 950
9080 1249
9100 953
9120 1312
9140 1279
9160 1201
9180 1415
9200 1496
9220 1173
9240 1031
9260 1228
9280 1588
9300 1418
9320 1617
9340 1494
9360 1325
9380 1318
9400 1369
9420 1393
9440 1472
9460 1592
9480 1437
9500 1049
9520 972
9540 1155
9560 1083
9580 1298
9600 1282
9620 1307
9640 1307
9660 1182
9680 1375
9700 1539
9720 1333
9740 1257
9760 1609
9780 1401
9800 1502
9820 1495
9840 1406
9860 1475
9880 1501
9900 1337
9920 1555
9940 1566
9960 1283
9980 1295
10000 1450
