40 323905
60 319416
80 315031
100 316718
120 316762
140 313902
160 128145
180 66348
200 67972
220 64718
240 61464
260 120222
280 137894
300 167115
320 209330
340 250892
360 285941
380 292884
400 315919
420 342103
440 412608
460 422737
480 441423
500 455217
520 480523
540 505027
560 533444
580 548168
600 545999
620 536918
640 542072
660 559325
680 590942
700 616496
720 638670
740 686892
760 745017
780 813436
800 883137
820 951794
840 993607
860 994790
880 915700
900 883203
920 832136
940 808851
960 704772
980 626593
1000 580152
1020 554946
1040 531623
1060 520484
1080 511746
1100 517618
1120 527875
1140 532465
1160 515834
1180 548468
1200 626367
1220 704157
1240 835719
1260 1018170
1280 1220321
1300 1371428
1320 1146701
1340 1146701
1360 907682
1380 737154
1400 662378
1420 556367
1440 481393
1460 424313
1480 389744
1500 354936
1520 330165
1540 316755
1560 308439
1580 303209
1600 299479
1620 299983
1640 303250
1660 310878
1680 321385
1700 361071
1720 366836
1740 398374
1760 436689
1780 508420
1800 600437
1820 670180
1840 704589
1860 782009
1880 780576
1900 666290
1920 522448
1940 439468
1960 383010
1980 337047
2000 303649
2020 277562
2040 259920
2060 253920
2080 239673
2100 230270
2120 223205
2140 219028
2160 216309
2180 215143
2200 219505
2220 226469
2240 238269
2260 249594
2280 267687
2300 267687
2320 299675
2340 344762
2360 396194
2380 463527
2400 546989
2420 582964
2440 538773
2460 440001
2480 360602
2500 312975
2520 306956
2540 261139
2560 228710
2580 194389
2600 169945
2620 159454
2640 146850
2660 137347
2680 129974
2700 125911
2720 120982
2740 120491
2760 119837
2780 121952
2800 125261
2820 129959
2840 138228
2860 151290
2880 165361
2900 182880
2920 209640
2940 245548
2960 291686
2980 310903
3000 374028
3020 384193
3040 344172
3060 271834
3080 223568
3100 185839
3120 156603
3140 132177
3160 119917
3180 110068
3200 109746
3220 101485
3240 94867
3260 90473
3280 87636
3300 85848
3320 86052
3340 86452
3360 88952
3380 92738
3400 97224
3420 98116
3440 104563
3460 113770
3480 122077
3500 137718
3520 158843
3540 190473
3560 219227
3580 246352
3600 262968
3620 274766
3640 268089
3660 260961
3680 231988
3700 214316
3720 194341
3740 177472
3760 164886
3780 155325
3800 150094
3820 142856
3840 141533
3860 142066
3880 142066
3900 140745
3920 147287
3940 155195
3960 165827
3980 176848
4000 194521
4020 217304
4040 242753
4060 291727
4080 356905
4100 372298
4120 451158
4140 563454
4160 632355
4180 598373
4200 447478
4220 340508
4240 280841
4260 236420
4280 203058
4300 187210
4320 171582
4340 164349
4360 151836
4380 147301
4400 142196
4420 140082
4440 139540
4460 143605
4480 146297
4500 152412
4520 163042
4540 177627
4560 177627
4580 189914
4600 222322
4620 260348
4640 304187
4660 385952
4680 497680
4700 637132
4720 722583
4740 571095
4760 426516
4780 422638
4800 333435
4820 278103
4840 234589
4860 201465
4880 180707
4900 171298
4920 163870
4940 160639
4960 159819
4980 159473
5000 159837
5020 166405
5040 171508
5060 178067
5080 188323
5100 203134
5120 221670
5140 253220
5160 301475
5180 356309
5200 418624
5220 534274
5240 534274
5260 741418
5280 1025231
5300 1196465
5320 1120711
5340 872253
5360 693071
5380 542066
5400 455745
5420 377273
5440 343620
5460 343620
5480 319083
5500 293856
5520 291042
5540 284328
5560 292254
5580 300234
5600 307947
5620 321702
5640 334797
5660 364119
5680 369227
5700 397161
5720 429082
5740 489743
5760 543751
5780 654501
5800 862270
5820 1282518
5840 1761907
5860 2222546
5880 1804045
5900 1494216
5920 1228648
5940 894357
5960 660715
5980 540795
6000 469326
6020 416843
6040 370670
6060 331400
6080 323709
6100 300192
6120 287331
6140 287331
6160 297763
6180 271304
6200 291592
6220 291928
6240 306981
6260 324576
6280 347373
6300 375423
6320 411973
6340 511017
6360 530841
6380 645529
6400 828525
6420 1280326
6440 1796341
6460 1939801
6480 1181198
6500 766331
6520 608132
6540 504550
6560 419136
6580 371954
6600 357233
6620 326181
6640 299929
6660 282518
6680 270044
6700 260686
6720 256277
6740 254079
6760 255553
6780 260932
6800 266754
6820 267711
6840 278740
6860 293092
6880 314349
6900 345693
6920 385614
6940 439012
6960 508377
6980 594194
7000 740490
7020 892578
7040 892578
7060 954864
7080 906629
7100 781370
7120 668355
7140 542881
7160 466293
7180 421053
7200 392949
7220 373406
7240 358749
7260 348020
7280 344366
7300 337203
7320 332808
7340 334246
7360 343172
7380 354252
7400 372723
7420 411212
7440 458271
7460 512767
7480 593950
7500 615039
7520 705914
7540 893348
7560 1219415
7580 1571872
7600 1755935
7620 1549142
7640 1216496
7660 919197
7680 691797
7700 563802
7720 556518
7740 494874
7760 446115
7780 410639
7800 357724
7820 326318
7840 319237
7860 306790
7880 306983
7900 309536
7920 306648
7940 305069
7960 314913
7980 408811
8000 478518
8020 469823
8040 427341
8060 462230
8080 564547
8100 719307
8120 988495
8140 1270646
8160 1479124
8180 1531427
8200 1297945
8220 943754
8240 633010
8260 545681
8280 507725
8300 444699
8320 385814
8340 344547
8360 313352
8380 284503
8400 281060
8420 273077
8440 264664
8460 251116
8480 248275
8500 247027
8520 258540
8540 267832
8560 280246
8580 296986
8600 333844
8620 362833
8640 413497
8660 486480
8680 607612
8700 756556
8720 945346
8740 1180343
8760 1031615
8780 701459
8800 518227
8820 387358
8840 324723
8860 304878
8880 272714
8900 237863
8920 216043
8940 207559
8960 203577
8980 200687
9000 198156
9020 198183
9040 207353
9060 217494
9080 219384
9100 230344
9120 251242
9140 295128
9160 337216
9180 386133
9200 382908
9220 386067
9240 458585
9260 592701
9280 728870
9300 825882
9320 984386
9340 1017420
9360 925549
9380 788422
9400 634492
9420 519884
9440 455394
9460 405726
9480 371113
9500 318052
9520 285414
9540 280575
9560 270241
9580 248739
9600 238493
9620 224195
9640 225222
9660 228298
9680 261688
9700 277134
9720 298589
9740 319526
9760 331074
9780 349959
9800 382194
9820 448635
9840 584156
9860 771059
9880 1066924
9900 1389383
9920 1342836
9940 912685
9960 585695
9980 491200
10000 419730
