25 289082
30 291807
35 292258
40 288888
45 285189
50 285274
55 287312
60 284368
65 275702
70 288043
75 283577
80 283259
85 284350
90 281657
95 288627
100 285544
105 277498
110 280404
115 279852
120 278162
125 272501
130 123770
135 105405
140 119394
145 63932
150 65348
155 65142
160 66088
165 65021
170 67340
175 71865
180 72500
185 78204
190 97018
195 104509
200 101186
205 112825
210 113702
215 130383
220 135399
225 137235
230 154478
235 168589
240 162902
245 164890
250 195287
255 202940
260 197208
265 199853
270 214488
275 239939
280 243670
285 235598
290 278564
295 289906
300 268264
305 279840
310 309403
315 318783
320 300725
325 305802
330 327860
335 357687
340 321070
345 323622
350 357377
355 377132
360 352466
365 368621
370 400771
375 405176
380 405176
385 373216
390 413519
395 432626
400 390610
405 403993
410 434531
415 452664
420 412259
425 424275
430 468238
435 468238
440 466964
445 437200
450 481479
455 526053
460 492570
465 514530
470 559840
475 588886
480 537080
485 567724
490 614776
495 612214
500 599199
505 560059
510 581962
515 622600
520 559531
525 575042
530 634003
535 632758
540 566868
545 576963
550 590357
555 633628
560 604633
565 574003
570 607809
575 630371
580 576291
585 577260
590 629567
595 623799
600 555318
605 555318
610 568962
615 612805
620 575008
625 550366
630 590897
635 609368
640 581287
645 588436
650 650222
655 663392
660 594988
665 594988
670 623278
675 687768
680 630073
685 647925
690 704049
695 726150
700 660203
705 690132
710 773178
715 787702
720 721029
725 731465
730 789237
735 869022
740 805905
745 834037
750 943800
755 959712
760 886206
765 908233
770 1025822
775 1025822
780 994345
785 974384
790 1035671
795 1124767
800 1034340
805 1042931
810 1146063
815 1186960
820 1072768
825 1072768
830 1183169
835 1183169
840 1189449
845 1043980
850 1098366
855 1118605
860 1022123
865 971299
870 1019418
875 1009369
880 889436
885 865980
890 879145
895 941086
900 919309
905 822122
910 825498
915 844668
920 753906
925 725321
930 773818
935 765979
940 682700
945 673658
950 672746
955 706540
960 670638
965 615306
970 628127
975 658360
980 584481
985 571090
990 626120
995 617523
1000 617523
1005 557015
1010 559967
1015 597062
1020 573375
1025 533516
1030 553247
1035 581723
1040 535727
1045 529835
1050 577621
1055 572196
1060 572196
1065 514189
1070 534662
1075 582578
1080 545621
1085 536237
1090 583605
1095 600443
1100 564422
1105 568572
1110 631543
1115 632153
1120 624513
1125 587036
1130 608685
1135 675388
1140 654488
1145 647305
1150 718370
1155 747128
1160 699886
1165 713890
1170 735686
1175 811141
1180 797483
1185 767114
1190 831346
1195 904031
1200 888092
1205 884772
1210 1035200
1215 1071000
1220 1008280
1225 1067672
1230 1067672
1235 1229542
1240 1202859
1245 1241734
1250 1432708
1255 1455969
1260 1335089
1265 1368100
1270 1493958
1275 1332145
1280 1332145
1285 1332145
1290 1295078
1295 1377293
1300 1310220
1305 1111059
1310 1112915
1315 1078665
1320 942591
1325 876402
1330 899138
1335 858152
1340 837440
1345 724878
1350 716324
1355 731540
1360 672154
1365 603726
1370 614702
1375 598391
1380 518607
1385 507038
1390 541660
1395 519840
1400 502722
1405 451273
1410 461192
1415 469663
1420 435493
1425 404032
1430 415337
1435 422429
1440 368111
1445 371916
1450 398309
1455 398309
1460 388447
1465 340355
1470 354970
1475 368205
1480 340282
1485 327914
1490 347264
1495 352180
1500 320815
1505 316731
1510 319067
1515 343429
1520 336519
1525 303663
1530 309252
1535 334965
1540 304023
1545 303817
1550 330331
1555 330052
1560 297120
1565 303805
1570 311240
1575 332288
1580 323558
1585 298632
1590 316346
1595 336032
1600 315570
1605 310430
1610 341692
1615 341753
1620 307572
1625 307572
1630 328182
1635 353868
1640 338184
1645 327710
1650 349639
1655 371429
1660 355446
1665 349401
1670 393883
1675 395733
1680 395733
1685 361962
1690 383336
1695 430035
1700 410879
1705 415988
1710 460939
1715 485212
1720 463223
1725 474614
1730 535070
1735 550772
1740 560747
1745 528440
1750 567332
1755 642542
1760 650271
1765 639693
1770 747005
1775 768351
1780 724759
1785 761866
1790 850194
1795 865789
1800 867634
1805 822546
1810 867306
1815 926391
1820 883273
1825 818178
1830 855317
1835 845089
1840 738894
1845 711948
1850 711948
1855 750460
1860 680539
1865 599003
1870 607841
1875 602792
1880 551051
1885 502062
1890 511767
1895 496438
1900 425413
1905 425413
1910 426233
1915 444480
1920 422762
1925 367859
1930 381918
1935 376623
1940 338069
1945 326680
1950 342606
1955 337180
1960 296097
1965 291810
1970 300834
1975 313589
1980 298145
1985 268519
1990 277573
1995 288106
2000 251907
2005 254979
2010 274354
2015 266903
2020 265887
2025 237679
2030 248882
2035 257904
2040 243146
2045 228351
2050 240162
2055 246357
2060 227739
2065 222051
2070 240713
2075 240713
2080 237239
2085 211264
2090 221341
2095 234099
2100 218224
2105 211022
2110 223706
2115 231796
2120 214029
2125 209981
2130 233841
2135 233841
2140 231071
2145 208759
2150 214069
2155 236966
2160 215911
2165 218758
2170 238769
2175 242998
2180 223764
2185 227371
2190 232589
2195 254351
2200 250751
2205 231782
2210 248890
2215 268269
2220 260268
2225 250866
2230 283182
2235 286320
2240 262468
2245 261384
2250 276620
2255 307297
2260 297585
2265 289362
2270 316369
2275 336531
2280 324838
2285 319749
2290 364511
2295 380976
2300 354718
2305 354718
2310 384147
2315 435483
2320 440873
2325 440444
2330 506679
2335 534566
2340 520524
2345 529895
2350 594255
2355 623651
2360 624034
2365 568591
2370 594559
2375 650936
2380 639558
2385 569312
2390 599538
2395 581636
2400 517695
2405 491275
2410 511810
2415 516310
2420 475941
2425 413800
2430 417653
2435 420755
2440 380190
2445 342503
2450 348270
2455 344655
2460 290512
2465 288189
2470 288189
2475 302995
2480 287633
2485 247192
2490 258546
2495 258830
2500 238327
2505 218293
2510 225838
2515 226652
2520 200068
2525 197672
2530 197672
2535 207761
2540 198801
2545 174435
2550 183777
2555 184961
2560 164274
2565 162154
2570 171471
2575 171620
2580 152047
2585 147633
2590 151367
2595 160792
2600 154411
2605 138961
2610 144967
2615 149558
2620 131981
2625 132344
2630 142115
2635 140470
2640 140329
2645 122562
2650 127368
2655 135372
2660 129954
2665 119336
2670 125400
2675 130609
2680 124968
2685 117371
2690 128135
2695 127078
2700 127078
2705 114762
2710 119686
2715 127828
2720 118647
2725 115231
2730 125639
2735 130309
2740 123952
2745 120007
2750 131584
2755 134264
2760 133468
2765 118872
2770 129051
2775 138830
2780 134452
2785 126468
2790 140820
2795 147983
2800 140233
2805 133396
2810 132736
2815 151653
2820 160031
2825 149839
2830 149007
2835 168208
2840 173463
2845 161358
2850 179246
2855 192268
2860 185151
2865 176811
2870 176464
2875 205357
2880 215798
2885 204473
2890 214343
2895 244522
2900 249801
2905 239560
2910 257406
2915 293298
2920 290829
2925 290829
2930 285485
2935 332403
2940 355651
2945 338533
2950 363264
2955 395491
2960 383059
2965 356138
2970 374461
2975 390310
2980 391195
2985 352773
2990 313721
2995 342399
3000 331804
3005 293798
3010 265267
3015 268532
3020 241665
3025 216214
3030 225346
3035 224529
3040 223609
3045 196390
3050 177103
3055 189048
3060 178721
3065 161387
3070 156921
3075 162906
3080 141435
3085 140250
3090 149754
3095 149754
3100 142640
3105 121174
3110 127654
3115 132762
3120 122327
3125 112399
3130 116098
3135 119819
3140 110814
3145 104536
3150 105060
3155 111618
3160 108711
3165 93521
3170 100014
3175 103320
3180 93734
3185 91394
3190 98494
3195 98618
3200 90902
3205 87011
3210 89316
3215 96188
3220 94069
3225 84967
3230 86800
3235 93722
3240 86852
3245 84541
3250 92172
3255 90194
3260 80454
3265 80454
3270 84612
3275 91240
3280 86535
3285 82602
3290 88542
3295 91244
3300 86666
3305 83886
3310 94509
3315 94227
3320 94227
3325 84564
3330 88445
3335 96301
3340 92423
3345 90332
3350 97877
3355 101009
3360 95212
3365 95355
3370 105838
3375 107941
3380 107655
3385 95827
3390 102085
3395 114224
3400 115768
3405 107954
3410 119950
3415 124596
3420 117233
3425 119259
3430 132546
3435 136162
3440 136365
3445 126063
3450 135886
3455 152234
3460 151976
3465 144450
3470 162675
3475 170497
3480 159832
3485 170934
3490 173754
3495 193261
3500 194803
3505 182197
3510 204762
3515 222222
3520 219289
3525 212271
3530 232071
3535 250827
3540 227613
3545 227613
3550 246219
3555 272793
3560 274746
3565 246756
3570 273480
3575 290156
3580 272753
3585 265195
3590 283658
3595 287264
3600 263135
3605 254793
3610 256177
3615 275825
3620 265184
3625 232886
3630 236582
3635 247913
3640 219445
3645 215215
3650 226390
3655 221430
3660 219691
3665 190730
3670 195936
3675 207597
3680 197248
3685 176063
3690 182387
3695 187839
3700 173045
3705 169046
3710 182476
3715 184103
3720 177227
3725 152411
3730 160587
3735 172576
3740 159542
3745 149066
3750 156110
3755 163801
3760 155784
3765 143642
3770 155805
3775 155805
3780 155269
3785 137303
3790 146888
3795 156110
3800 144397
3805 138186
3810 149214
3815 150769
3820 137112
3825 141008
3830 145196
3835 152745
3840 150487
3845 133303
3850 146334
3855 156365
3860 153180
3865 141045
3870 153852
3875 157170
3880 146070
3885 141283
3890 152125
3895 167127
3900 161670
3905 149854
3910 163747
3915 177383
3920 169662
3925 163419
3930 182290
3935 189202
3940 189235
3945 172989
3950 188531
3955 209106
3960 207690
3965 187844
3970 215456
3975 228012
3980 219346
3985 217418
3990 245188
3995 262710
4000 264092
4005 253178
4010 246099
4015 290673
4020 310043
4025 301080
4030 306299
4035 363356
4040 359007
4045 355371
4050 401304
4055 417461
4060 447846
4065 446177
4070 440971
4075 514759
4080 561769
4085 561766
4090 538937
4095 636372
4100 632142
4105 575673
4110 568455
4115 637987
4120 658206
4125 601083
4130 525861
4135 555603
4140 526440
4145 456356
4150 429763
4155 451715
4160 407613
4165 334578
4170 334578
4175 363302
4180 362646
4185 325476
4190 275664
4195 300091
4200 288474
4205 253267
4210 252073
4215 262293
4220 247307
4225 233187
4230 202417
4235 227877
4240 226360
4245 205413
4250 187697
4255 204535
4260 193179
4265 167935
4270 178286
4275 187760
4280 188677
4285 175857
4290 157864
4295 172917
4300 170005
4305 157769
4310 149824
4315 164089
4320 161650
4325 143532
4330 153913
4335 154044
4340 154018
4345 132602
4350 148573
4355 155975
4360 147399
4365 135705
4370 147358
4375 151438
4380 141660
4385 134648
4390 150038
4395 154068
4400 145470
4405 129712
4410 147058
4415 156521
4420 151977
4425 138809
4430 154299
4435 156236
4440 144144
4445 146004
4450 153127
4455 163589
4460 163503
4465 144174
4470 158756
4475 173766
4480 170627
4485 155692
4490 176835
4495 185594
4500 173829
4505 178039
4510 179996
4515 194913
4520 197823
4525 185048
4530 203272
4535 222320
4540 221507
4545 212072
4550 230553
4555 250435
4560 235699
4565 233026
4570 256509
4575 291821
4580 291580
4585 265213
4590 317497
4595 348501
4600 345185
4605 351225
4610 408035
4615 438135
4620 440757
4625 408054
4630 500076
4635 565684
4640 591963
4645 558933
4650 645474
4655 739834
4660 711988
4665 731154
4670 783007
4675 802766
4680 780432
4685 659991
4690 665129
4695 660562
4700 587491
4705 485576
4710 502711
4715 503838
4720 409292
4725 383294
4730 388219
4735 388239
4740 355415
4745 302988
4750 314545
4755 312250
4760 278661
4765 248746
4770 262323
4775 265374
4780 242963
4785 223721
4790 228299
4795 236504
4800 219217
4805 190787
4810 203596
4815 211226
4820 185774
4825 179446
4830 193535
4835 193715
4840 178342
4845 160834
4850 172876
4855 186360
4860 178758
4865 153415
4870 167982
4875 179574
4880 170320
4885 153960
4890 172031
4895 170987
4900 153173
4905 145837
4910 148111
4915 165366
4920 171512
4925 160059
4930 151005
4935 170741
4940 172859
4945 158068
4950 161102
4955 178160
4960 178860
4965 169589
4970 150463
4975 168186
4980 181725
4985 171324
4990 160591
4995 185503
5000 189714
5005 177166
5010 178203
5015 192789
5020 201185
5025 188812
5030 178018
5035 205725
5040 214186
5045 200265
5050 210811
5055 228134
5060 225654
5065 213159
5070 229358
5075 242625
5080 253455
5085 248970
5090 230215
5095 271964
5100 288174
5105 277483
5110 257655
5115 314665
5120 320592
5125 300636
5130 293036
5135 335818
5140 374500
5145 373164
5150 371938
5155 425116
5160 455272
5165 443924
5170 445478
5175 521774
5180 573069
5185 577858
5190 534857
5195 646695
5200 724290
5205 752998
5210 741819
5215 917491
5220 994187
5225 979273
5230 1003251
5235 1197741
5240 1223069
5245 1170316
5250 1247109
5255 1325667
5260 1292368
5265 1083784
5270 1101312
5275 1093975
5280 938888
5285 862209
5290 861227
5295 832299
5300 804018
5305 716845
5310 678383
5315 695066
5320 644297
5325 550451
5330 553221
5335 573939
5340 529681
5345 463604
5350 484323
5355 490203
5360 471124
5365 415789
5370 407605
5375 429261
5380 405710
5385 363847
5390 374143
5395 385950
5400 365316
5405 322831
5410 339022
5415 361690
5420 346480
5425 301585
5430 321335
5435 339882
5440 318567
5445 296764
5450 314332
5455 320944
5460 290373
5465 291025
5470 307100
5475 316570
5480 301859
5485 263223
5490 301047
5495 319297
5500 304970
5505 281571
5510 316792
5515 314589
5520 282283
5525 266515
5530 296514
5535 325056
5540 318179
5545 278619
5550 324342
5555 339730
5560 320449
5565 298816
5570 332308
5575 348042
5580 342918
5585 305159
5590 340860
5595 373711
5600 367467
5605 333255
5610 373237
5615 393285
5620 379223
5625 358192
5630 398244
5635 423958
5640 421072
5645 384769
5650 417847
5655 461380
5660 461872
5665 416553
5670 476591
5675 509797
5680 492931
5685 494066
5690 548175
5695 573999
5700 578232
5705 528841
5710 599663
5715 664968
5720 675256
5725 629230
5730 699589
5735 803696
5740 779993
5745 815331
5750 832999
5755 944654
5760 1020720
5765 983385
5770 1114597
5775 1318137
5780 1373055
5785 1323782
5790 1588717
5795 1961557
5800 1898657
5805 1979637
5810 2035044
5815 2331305
5820 2340175
5825 1996283
5830 1996283
5835 1991274
5840 1712444
5845 1485583
5850 1421325
5855 1371643
5860 1157389
5865 998765
5870 1031597
5875 1044221
5880 926697
5885 761157
5890 802049
5895 807627
5900 710007
5905 637525
5910 650963
5915 634013
5920 611949
5925 538464
5930 527759
5935 558798
5940 521674
5945 454343
5950 471695
5955 490190
5960 458955
5965 410801
5970 431359
5975 425595
5980 419620
5985 377549
5990 377017
5995 393969
6000 379248
6005 334638
6010 355916
6015 369179
6020 341778
6025 307938
6030 341599
6035 351180
6040 346311
6045 322270
6050 284095
6055 322307
6060 332631
6065 301579
6070 289140
6075 317701
6080 316755
6085 286466
6090 264295
6095 280259
6100 312163
6105 302061
6110 259622
6115 301255
6120 314870
6125 295177
6130 277035
6135 311421
6140 304440
6145 296241
6150 279110
6155 292176
6160 318276
6165 313602
6170 271635
6175 314292
6180 332462
6185 321438
6190 281070
6195 337803
6200 342122
6205 339876
6210 306614
6215 335196
6220 364419
6225 361151
6230 330133
6235 373911
6240 396042
6245 375111
6250 366390
6255 418828
6260 441392
6265 438465
6270 387675
6275 469744
6280 498913
6285 491097
6290 449278
6295 551472
6300 581478
6305 549852
6310 596523
6315 647197
6320 683636
6325 716212
6330 692249
6335 807979
6340 917151
6345 947426
6350 919827
6355 1104978
6360 1234427
6365 1344981
6370 1575971
6375 1652139
6380 1731240
6385 1726576
6390 1755716
6395 1962783
6400 1944018
6405 1623179
6410 1552740
6415 1526895
6420 1365067
6425 1075787
6430 1062101
6435 1058692
6440 968712
6445 809496
6450 758901
6455 775565
6460 703820
6465 603392
6470 600168
6475 601594
6480 538243
6485 483064
6490 480017
6495 506455
6500 476005
6505 401064
6510 408864
6515 432502
6520 411056
6525 361238
6530 378316
6535 371012
6540 327978
6545 303977
6550 324514
6555 341795
6560 330399
6565 279963
6570 311583
6575 320755
6580 301392
6585 256869
6590 292658
6595 290583
6600 287392
6605 259085
6610 259932
6615 278389
6620 274451
6625 235872
6630 259382
6635 271180
6640 255713
6645 233988
6650 248506
6655 264054
6660 257301
6665 228624
6670 239734
6675 256974
6680 252003
6685 224016
6690 241860
6695 255330
6700 243508
6705 228361
6710 248807
6715 260541
6720 255114
6725 221591
6730 245245
6735 263945
6740 255151
6745 221987
6750 249112
6755 269242
6760 250290
6765 246420
6770 254520
6775 271009
6780 276581
6785 254006
6790 263119
6795 294707
6800 284609
6805 250406
6810 290168
6815 312006
6820 295509
6825 277799
6830 299321
6835 331351
6840 329047
6845 296535
6850 335257
6855 365602
6860 352107
6865 332168
6870 387419
6875 407752
6880 398661
6885 374491
6890 424728
6895 464511
6900 463276
6905 418738
6910 481167
6915 539713
6920 524752
6925 518955
6930 591575
6935 639389
6940 647949
6945 610512
6950 653196
6955 762967
6960 768676
6965 694642
6970 811528
6975 890965
6980 889050
6985 853409
6990 946704
6995 977673
7000 953774
7005 878138
7010 892498
7015 935408
7020 909980
7025 762069
7030 815359
7035 836477
7040 787312
7045 657858
7050 698295
7055 710227
7060 681869
7065 571279
7070 595061
7075 612406
7080 564612
7085 490388
7090 521080
7095 528061
7100 480197
7105 425173
7110 463376
7115 470589
7120 450080
7125 390536
7130 412379
7135 433106
7140 414075
7145 343879
7150 388463
7155 393375
7160 355378
7165 324789
7170 345342
7175 373852
7180 363591
7185 305989
7190 311515
7195 350250
7200 362546
7205 334855
7210 292251
7215 344304
7220 352015
7225 339181
7230 304047
7235 319627
7240 342086
7245 329403
7250 292656
7255 327007
7260 338837
7265 318442
7270 294351
7275 334635
7280 338398
7285 321634
7290 296376
7295 331412
7300 345003
7305 330992
7310 290979
7315 342821
7320 353448
7325 328980
7330 319417
7335 349477
7340 360920
7345 367619
7350 321745
7355 364944
7360 397189
7365 391456
7370 338844
7375 398703
7380 428260
7385 396319
7390 376202
7395 408193
7400 456680
7405 469964
7410 426813
7415 483134
7420 530900
7425 519351
7430 483448
7435 561526
7440 611960
7445 586389
7450 559974
7455 651015
7460 712483
7465 728537
7470 691094
7475 777423
7480 881131
7485 894853
7490 880671
7495 1039813
7500 1156837
7505 1182684
7510 1152750
7515 1292644
7520 1485287
7525 1559816
7530 1381845
7535 1642223
7540 1803293
7545 1678299
7550 1529698
7555 1619261
7560 1644498
7565 1593308
7570 1456799
7575 1358457
7580 1247008
7585 1029310
7590 1015837
7595 1044527
7600 977502
7605 772810
7610 828551
7615 830119
7620 799515
7625 679384
7630 660089
7635 679440
7640 648378
7645 520479
7650 583956
7655 589765
7660 545276
7665 458103
7670 487896
7675 517860
7680 492970
7685 430361
7690 440527
7695 464752
7700 448194
7705 398974
7710 416324
7715 426577
7720 397141
7725 354830
7730 390754
7735 393907
7740 388837
7745 322687
7750 363551
7755 381697
7760 362047
7765 308557
7770 351135
7775 364454
7780 334582
7785 312910
7790 326148
7795 350893
7800 353220
7805 316396
7810 337972
7815 352884
7820 332760
7825 289786
7830 329344
7835 351136
7840 317880
7845 298431
7850 319410
7855 345021
7860 344362
7865 306516
7870 323650
7875 340990
7880 327769
7885 293055
7890 312494
7895 350864
7900 353946
7905 338141
7910 383181
7915 422834
7920 430171
7925 406092
7930 469669
7935 503867
7940 484011
7945 450303
7950 514492
7955 527504
7960 518602
7965 471221
7970 447666
7975 481166
7980 463462
7985 392947
7990 461726
7995 496715
8000 484897
8005 456813
8010 537944
8015 564488
8020 569044
8025 545163
8030 558600
8035 653732
8040 682010
8045 656470
8050 736160
8055 837679
8060 873080
8065 806509
8070 979062
8075 1065280
8080 1141708
8085 1090741
8090 1255137
8095 1437929
8100 1476550
8105 1423951
8110 1628264
8115 1677936
8120 1589003
8125 1341004
8130 1353203
8135 1461939
8140 1285908
8145 1035308
8150 1117436
8155 1071628
8160 932753
8165 803906
8170 819549
8175 788159
8180 696226
8185 609890
8190 621656
8195 660435
8200 640965
8205 541501
8210 583866
8215 596624
8220 557878
8225 463729
8230 500850
8235 505781
8240 482373
8245 443796
8250 425901
8255 448018
8260 431091
8265 412219
8270 354388
8275 388686
8280 397661
8285 372765
8290 314310
8295 349078
8300 354854
8305 350062
8310 309785
8315 318561
8320 337416
8325 326371
8330 288883
8335 309394
8340 322375
8345 293843
8350 263822
8355 270576
8360 300087
8365 304993
8370 256353
8375 285474
8380 298834
8385 280655
8390 245462
8395 274859
8400 285976
8405 262922
8410 240849
8415 253501
8420 283062
8425 280703
8430 251312
8435 270637
8440 290946
8445 281683
8450 252205
8455 278466
8460 296854
8465 282926
8470 261607
8475 267821
8480 301774
8485 303737
8490 279540
8495 296388
8500 322836
8505 306145
8510 282739
8515 326895
8520 343871
8525 343871
8530 320110
8535 338242
8540 369876
8545 369278
8550 331917
8555 361140
8560 411654
8565 402532
8570 376776
8575 424572
8580 469160
8585 470340
8590 465430
8595 458691
8600 552153
8605 561478
8610 528532
8615 607735
8620 675848
8625 677793
8630 682745
8635 751170
8640 786281
8645 782207
8650 837580
8655 962439
8660 1032770
8665 972377
8670 1124464
8675 1259738
8680 1266301
8685 1172385
8690 1182604
8695 1210213
8700 1189846
8705 1028940
8710 972829
8715 960725
8720 874918
8725 722368
8730 719889
8735 707318
8740 630110
8745 519941
8750 539098
8755 539350
8760 517749
8765 417502
8770 435356
8775 440640
8780 395930
8785 349306
8790 363292
8795 356062
8800 312484
8805 282617
8810 289544
8815 311470
8820 305965
8825 268248
8830 276857
8835 277501
8840 253811
8845 220849
8850 250101
8855 249975
8860 232316
8865 222711
8870 226596
8875 241186
8880 231182
8885 210127
8890 226079
8895 237862
8900 227870
8905 195195
8910 223130
8915 235653
8920 224965
8925 213897
8930 218311
8935 231331
8940 226073
8945 201237
8950 209919
8955 231963
8960 219857
8965 200046
8970 224588
8975 235959
8980 234701
8985 223518
8990 214994
8995 242299
9000 238965
9005 209633
9010 245537
9015 254164
9020 244477
9025 229140
9030 253466
9035 260980
9040 268009
9045 248812
9050 254326
9055 292044
9060 287470
9065 264820
9070 315506
9075 335158
9080 331914
9085 303529
9090 330026
9095 374516
9100 383155
9105 364392
9110 387518
9115 433471
9120 441966
9125 399369
9130 430059
9135 455045
9140 435994
9145 382862
9150 382862
9155 436513
9160 440840
9165 393207
9170 446144
9175 491940
9180 495443
9185 467648
9190 548870
9195 606912
9200 614137
9205 600422
9210 574422
9215 664668
9220 755593
9225 693212
9230 830088
9235 922592
9240 954517
9245 860053
9250 1020970
9255 1096578
9260 1105769
9265 1095266
9270 1057613
9275 1122400
9280 1178546
9285 1062061
9290 1037413
9295 1100982
9300 1021201
9305 864525
9310 902180
9315 931534
9320 885814
9325 759940
9330 755410
9335 773388
9340 746435
9345 693183
9350 601075
9355 607401
9360 629075
9365 567041
9370 497362
9375 500142
9380 528406
9385 533542
9390 448106
9395 463116
9400 481110
9405 471434
9410 415929
9415 402944
9420 428029
9425 408618
9430 398995
9435 359533
9440 372424
9445 367883
9450 320528
9455 325280
9460 340146
9465 323902
9470 286370
9475 303814
9480 313486
9485 305256
9490 282005
9495 273422
9500 295357
9505 296504
9510 272738
9515 260779
9520 288147
9525 277569
9530 247624
9535 260147
9540 279974
9545 277217
9550 249755
9555 259333
9560 270985
9565 268601
9570 248427
9575 247304
9580 268658
9585 260755
9590 235276
9595 248958
9600 251751
9605 270627
9610 247906
9615 262801
9620 274943
9625 271232
9630 235797
9635 266906
9640 282498
9645 277731
9650 261937
9655 264623
9660 277257
9665 294349
9670 281344
9675 274997
9680 294078
9685 262912
9690 312441
9695 329897
9700 326044
9705 282884
9710 338942
9715 348352
9720 352067
9725 326812
9730 348593
9735 383124
9740 391464
9745 352038
9750 421178
9755 450437
9760 451830
9765 422945
9770 422945
9775 513141
9780 561016
9785 529285
9790 593086
9795 680024
9800 727199
9805 716382
9810 823047
9815 977247
9820 1020898
9825 1017772
9830 1011248
9835 1223694
9840 1372940
9845 1305124
9850 1341425
9855 1410298
9860 1296814
9865 1061594
9870 1010503
9875 992778
9880 903858
9885 827120
9890 718184
9895 719667
9900 687848
9905 599268
9910 537036
9915 535651
9920 490927
9925 399950
9930 419768
9935 425012
9940 415340
9945 353609
9950 337580
9955 347536
9960 337423
9965 301918
9970 291603
9975 300948
9980 277062
9985 236691
9990 266502
9995 266510
10000 266603
