30 303973
40 302668
50 298919
60 302114
70 305116
80 304919
90 301172
100 294906
110 297313
120 297544
130 293211
140 124158
150 109123
160 66028
170 66019
180 67424
190 65957
200 80852
210 86359
220 106163
230 109017
240 115393
250 135318
260 142211
270 164495
280 174924
290 202852
300 231893
310 237838
320 271623
330 266984
340 304584
350 304584
360 300712
370 322163
380 361126
390 330705
400 360497
410 370093
420 400104
430 379029
440 419532
450 411407
460 411407
470 478518
480 458834
490 520405
500 560380
510 526612
520 555316
530 544008
540 562683
550 551253
560 582361
570 567790
580 538648
590 579355
600 545267
610 577287
620 551033
630 532822
640 560606
650 549816
660 604464
670 585098
680 585098
690 633128
700 667649
710 668400
720 730254
730 713395
740 758349
750 775018
760 888252
770 846763
780 963707
790 927412
800 927412
810 1077032
820 1057887
830 1088378
840 1139309
850 1046640
860 1067735
870 1022626
880 997622
890 879528
900 907268
910 907268
920 807660
930 830901
940 724636
950 712810
960 678480
970 638693
980 632529
990 593751
1000 600513
1010 563180
1020 538986
1030 577978
1040 524602
1050 561040
1060 521822
1070 549428
1080 535220
1090 523966
1100 580680
1110 544375
1120 608371
1130 577387
1140 573437
1150 644080
1160 642445
1170 694685
1180 690578
1190 760935
1200 771179
1210 858399
1220 941620
1230 1000108
1240 1205685
1250 1205685
1260 1212462
1270 1401634
1280 1450347
1290 1347041
1300 1358498
1310 1227036
1320 1126805
1330 1014662
1340 899105
1350 773375
1360 732988
1370 725252
1380 604552
1390 615710
1400 518660
1410 495349
1420 465022
1430 418379
1440 419438
1450 384141
1460 387284
1470 349827
1480 343175
1490 358220
1500 328951
1510 345933
1520 318083
1530 330033
1540 308059
1550 310747
1560 324551
1570 295822
1580 321635
1590 326808
1600 300026
1610 323958
1620 314067
1630 327055
1640 324352
1650 334987
1660 335614
1670 351617
1680 366872
1690 359413
1700 359413
1710 420345
1720 399340
1730 470422
1740 481219
1750 529110
1760 586716
1770 621257
1780 684314
1790 724452
1800 801497
1810 822330
1820 814544
1830 914155
1840 819914
1850 871614
1860 735030
1870 742056
1880 615018
1890 552878
1900 513189
1910 449250
1920 439135
1930 438511
1940 387919
1950 373599
1960 337623
1970 333473
1980 304887
1990 301323
2000 279057
2010 270958
2020 267555
2030 243638
2040 243638
2050 253082
2060 232564
2070 242936
2080 226594
2090 229796
2100 222641
2110 222056
2120 218797
2130 221396
2140 224292
2150 229181
2160 212760
2170 231933
2180 219026
2190 239504
2200 227226
2210 244269
2220 249303
2230 253960
2240 266675
2250 272147
2260 288956
2270 297858
2280 293616
2290 323920
2300 321336
2310 363198
2320 374965
2330 422528
2340 468959
2350 522178
2360 580236
2370 594598
2380 594777
2390 625208
2400 599376
2410 582929
2420 522570
2430 489704
2440 435301
2450 405366
2460 359674
2470 321946
2480 298126
2490 297765
2500 262202
2510 258019
2520 232749
2530 224978
2540 205912
2550 195601
2560 185225
2570 177742
2580 169938
2590 161040
2600 155970
2610 155983
2620 146547
2630 148213
2640 136022
2650 139682
2660 128449
2670 129876
2680 126675
2690 123646
2700 124485
2710 122073
2720 120630
2730 125604
2740 120817
2750 126564
2760 125014
2770 129103
2780 125129
2790 136476
2800 136991
2810 135106
2820 154242
2830 155258
2840 143980
2850 166874
2860 156961
2870 181675
2880 180089
2890 202478
2900 212109
2910 233199
2920 249290
2930 277112
2940 316331
2950 334293
2960 326355
2970 384999
2980 362498
2990 396310
3000 341469
3010 312165
3020 284308
3030 251204
3040 231093
3050 208935
3060 189715
3070 191977
3080 160040
3090 169552
3100 139318
3110 148112
3120 122377
3130 124785
3140 119375
3150 105978
3160 109641
3170 111793
3180 97700
3190 104339
3200 91983
3210 96806
3220 87599
3230 93571
3240 84569
3250 90722
3260 85007
3270 85866
3280 91777
3290 91777
3300 80652
3310 90859
3320 80920
3330 90487
3340 88634
3350 92393
3360 93440
3370 95491
3380 95404
3390 100638
3400 95978
3410 113753
3420 105899
3430 122351
3440 114415
3450 134278
3460 135373
3470 144807
3480 155212
3490 161712
3500 174493
3510 191908
3520 181569
3530 208960
3540 209592
3550 246036
3560 235172
3570 271191
3580 255488
3590 286394
3600 271931
3610 267308
3620 256910
3630 271407
3640 238651
3650 247678
3660 215044
3670 223832
3680 192409
3690 199459
3700 178862
3710 180285
3720 167058
3730 166328
3740 157568
3750 170402
3760 145495
3770 161667
3780 141405
3790 155369
3800 142149
3810 148162
3820 144630
3830 145232
3840 146140
3850 149659
3860 145590
3870 151757
3880 145893
3890 154137
3900 151846
3910 163238
3920 156331
3930 170823
3940 178682
3950 184039
3960 184151
3970 195940
3980 202245
3990 216476
4000 224181
4010 249461
4020 253182
4030 285605
4040 307935
4050 341721
4060 388377
4070 444853
4080 448152
4090 497573
4100 549374
4110 601609
4120 623932
4130 627722
4140 589472
4150 531908
4160 485599
4170 431710
4180 385001
4190 368055
4200 330262
4210 302915
4220 278226
4230 261701
4240 237941
4250 225063
4260 207784
4270 195199
4280 184332
4290 178867
4300 172526
4310 172341
4320 161303
4330 162221
4340 152156
4350 152726
4360 146132
4370 152133
4380 144592
4390 146290
4400 146484
4410 144719
4420 142673
4430 148234
4440 147562
4450 152122
4460 152834
4470 159188
4480 161033
4490 167105
4500 168689
4510 180601
4520 186941
4530 192864
4540 197318
4550 211887
4560 219178
4570 237843
4580 247251
4590 280932
4600 308033
4610 344692
4620 379873
4630 428955
4640 455087
4650 491688
4660 576384
4670 682953
4680 756076
4690 753029
4700 727245
4710 642231
4720 521556
4730 436333
4740 388934
4750 335277
4760 303607
4770 312368
4780 277973
4790 265537
4800 216983
4810 235387
4820 192537
4830 213502
4840 181651
4850 182839
4860 178813
4870 185989
4880 161941
4890 172947
4900 155878
4910 168705
4920 151853
4930 166409
4940 154715
4950 165514
4960 158609
4970 171573
4980 155736
4990 169812
5000 156128
5010 182562
5020 166833
5030 196208
5040 176771
5050 204979
5060 206400
5070 217758
5080 223445
5090 247980
5100 237842
5110 254872
5120 260668
5130 309986
5140 285623
5150 357759
5160 335801
5170 429569
5180 452956
5190 518553
5200 611712
5210 670496
5220 675502
5230 829809
5240 905746
5250 1118779
5260 1154271
5270 1306122
5280 1092043
5290 1138567
5300 878631
5310 864150
5320 664822
5330 696782
5340 555465
5350 571219
5360 461218
5370 488475
5380 402803
5390 403555
5400 354644
5410 368245
5420 331325
5430 360496
5440 332999
5450 322244
5460 278928
5470 326881
5480 270058
5490 319203
5500 262139
5510 318640
5520 276578
5530 295089
5540 292185
5550 327986
5560 297375
5570 314163
5580 304603
5590 352561
5600 341301
5610 355239
5620 361261
5630 377297
5640 377077
5650 407118
5660 405282
5670 431406
5680 448092
5690 478912
5700 494646
5710 545934
5720 567703
5730 647350
5740 664531
5750 778711
5760 838298
5770 955951
5780 997441
5790 1222550
5800 1387267
5810 1668676
5820 1983431
5830 2219006
5840 2241442
5850 1866398
5860 1590824
5870 1335038
5880 1108462
5890 1012911
5900 972056
5910 820965
5920 676517
5930 651682
5940 568984
5950 548808
5960 482301
5970 477017
5980 426638
5990 405150
6000 388897
6010 389646
6020 375699
6030 361756
6040 344050
6050 344505
6060 326302
6070 322679
6080 304520
6090 316202
6100 302444
6110 304285
6120 298088
6130 302403
6140 298608
6150 298616
6160 299849
6170 305927
6180 304592
6190 316713
6200 316015
6210 328997
6220 334422
6230 346277
6240 354506
6250 367063
6260 379888
6270 403194
6280 423073
6290 451416
6300 484579
6310 537336
6320 603439
6330 659715
6340 704312
6350 749699
6360 840770
6370 997324
6380 1225805
6390 1496432
6400 1821689
6410 1817492
6420 1852121
6430 1492995
6440 1179087
6450 1007305
6460 944137
6470 792177
6480 690448
6490 612039
6500 546974
6510 489566
6520 455959
6530 405493
6540 398581
6550 360953
6560 350484
6570 335086
6580 320676
6590 308086
6600 300277
6610 299443
6620 252194
6630 282212
6640 242585
6650 261782
6660 234888
6670 255238
6680 224547
6690 234966
6700 244313
6710 242287
6720 221998
6730 258366
6740 217606
6750 262305
6760 218406
6770 258255
6780 249202
6790 279111
6800 258026
6810 264999
6820 271761
6830 285100
6840 276965
6850 334512
6860 287220
6870 365784
6880 323687
6890 406319
6900 367638
6910 432965
6920 429196
6930 488688
6940 491764
6950 573397
6960 597325
6970 715197
6980 703097
6990 875286
7000 855412
7010 950005
7020 855315
7030 872290
7040 876854
7050 835752
7060 719109
7070 717334
7080 584690
7090 610977
7100 496132
7110 512420
7120 431275
7130 477474
7140 445548
7150 402241
7160 401209
7170 383918
7180 332389
7190 379124
7200 313046
7210 365683
7220 308156
7230 352490
7240 287265
7250 312512
7260 316844
7270 314790
7280 306333
7290 315278
7300 294312
7310 343843
7320 296679
7330 352621
7340 315480
7350 366648
7360 334845
7370 359473
7380 364072
7390 394931
7400 389456
7410 439230
7420 434388
7430 494964
7440 489538
7450 580456
7460 568566
7470 684431
7480 672242
7490 673254
7500 830932
7510 1015740
7520 1059122
7530 1378108
7540 1422280
7550 1687400
7560 1690813
7570 1630836
7580 1464319
7590 1425744
7600 1249130
7610 1064306
7620 989183
7630 834006
7640 657549
7650 693365
7660 537425
7670 593381
7680 479336
7690 521146
7700 424597
7710 453417
7720 415505
7730 411891
7740 395442
7750 390164
7760 348317
7770 379800
7780 310854
7790 368348
7800 302106
7810 358603
7820 353688
7830 323662
7840 325360
7850 324493
7860 333784
7870 338100
7880 333572
7890 330717
7900 324534
7910 339481
7920 362516
7930 372470
7940 415669
7950 460526
7960 492202
7970 499951
7980 479501
7990 458860
8000 456499
8010 458822
8020 506265
8030 526510
8040 551671
8050 601804
8060 663824
8070 749888
8080 852329
8090 952162
8100 1151191
8110 1358584
8120 1565590
8130 1552362
8140 1622465
8150 1376101
8160 1315508
8170 1117546
8180 966745
8190 807887
8200 735348
8210 639258
8220 621707
8230 556338
8240 551169
8250 476820
8260 473616
8270 471822
8280 428978
8290 396268
8300 382231
8310 335638
8320 353395
8330 314514
8340 330925
8350 297446
8360 312156
8370 286798
8380 291613
8390 295323
8400 278828
8410 283169
8420 271391
8430 267519
8440 282713
8450 263933
8460 286690
8470 271066
8480 290981
8490 280961
8500 288323
8510 296575
8520 302891
8530 311670
8540 321686
8550 351168
8560 323152
8570 398296
8580 353232
8590 449100
8600 398683
8610 403843
8620 500803
8630 578544
8640 594638
8650 723996
8660 740612
8670 925967
8680 926820
8690 1200333
8700 1143616
8710 1274622
8720 1204601
8730 946343
8740 920029
8750 699636
8760 608927
8770 551166
8780 415394
8790 444482
8800 333620
8810 367825
8820 295451
8830 317437
8840 290417
8850 261410
8860 254698
8870 233976
8880 233426
8890 229333
8900 204487
8910 237672
8920 201447
8930 235257
8940 198620
8950 198620
8960 217228
8970 220739
8980 206347
8990 227915
9000 212571
9010 234626
9020 213988
9030 252545
9040 221420
9050 271416
9060 269876
9070 240616
9080 294301
9090 289580
9100 300002
9110 364439
9120 352310
9130 435862
9140 395397
9150 449165
9160 397345
9170 448630
9180 438072
9190 411682
9200 487657
9210 501523
9220 568211
9230 721493
9240 693340
9250 912586
9260 857371
9270 1096534
9280 1038589
9290 1074151
9300 1124787
9310 1041899
9320 1001242
9330 903433
9340 865262
9350 768044
9360 613933
9370 661013
9380 509945
9390 569538
9400 569538
9410 440057
9420 468072
9430 433519
9440 395625
9450 378050
9460 374840
9470 337313
9480 317096
9490 312268
9500 296001
9510 295763
9520 292314
9530 285797
9540 271436
9550 268336
9560 265649
9570 252674
9580 264854
9590 249284
9600 260922
9610 253843
9620 260467
9630 259814
9640 257588
9650 260741
9660 265488
9670 272310
9680 281090
9690 296522
9700 301825
9710 305984
9720 328211
9730 328578
9740 328578
9750 360171
9760 376793
9770 410069
9780 435852
9790 490515
9800 556472
9810 607637
9820 740871
9830 854783
9840 1114037
9850 1114037
9860 1103137
9870 1424681
9880 1267932
9890 1067780
9900 894848
9910 721929
9920 618140
9930 538778
9940 485250
9950 410024
9960 382027
9970 382027
9980 331331
9990 314072
10000 280363
