25 287411
30 286233
35 285656
40 285656
45 277490
50 276825
55 278985
60 275906
65 278427
70 279277
75 279935
80 284809
85 283783
90 283161
95 284326
100 278679
105 278888
110 277249
115 276296
120 278119
125 273124
130 124781
135 113989
140 120905
145 115440
150 61968
155 68131
160 70805
165 66123
170 81999
175 95933
180 98937
185 98395
190 123298
195 130184
200 124937
205 139786
210 151223
215 162864
220 167592
225 154285
230 188653
235 209885
240 209710
245 196277
250 241868
255 251540
260 229075
265 224188
270 261163
275 294611
280 287790
285 266818
290 316859
295 329654
300 295507
305 325242
310 363621
315 373581
320 373581
325 332212
330 392904
335 420736
340 413070
345 370029
350 441165
355 458545
360 409295
365 448780
370 490248
375 496700
380 496700
385 451777
390 515908
395 549568
400 467136
405 467136
410 551277
415 572792
420 499992
425 559929
430 608604
435 618583
440 595156
445 551251
450 609430
455 643918
460 602844
465 568550
470 647835
475 664344
480 572433
485 660090
490 667395
495 703771
500 675303
505 591934
510 681840
515 728508
520 647087
525 664987
530 735963
535 738819
540 653965
545 704113
550 769305
555 810003
560 784540
565 685843
570 808589
575 851102
580 769451
585 783080
590 870999
595 865179
600 812565
605 759951
610 832161
615 929128
620 902058
625 787476
630 918210
635 974260
640 913657
645 893100
650 1017574
655 996560
660 996560
665 888462
670 966689
675 1049809
680 977344
685 891866
690 1015062
695 1045321
700 968160
705 888066
710 1003329
715 976293
720 964881
725 842293
730 924594
735 980952
740 929666
745 816057
750 915805
755 917459
760 843837
765 808674
770 891186
775 910944
780 877667
785 741164
790 855874
795 887766
800 836186
805 732957
810 857827
815 856817
820 788781
825 805019
830 853590
835 884805
840 878836
845 780920
850 885750
855 934697
860 909700
865 799493
870 946514
875 991097
880 883655
885 997232
890 1022728
895 1076639
900 1063494
905 964279
910 1130404
915 1196067
920 1057136
925 1112806
930 1282437
935 1321140
940 1157899
945 1157899
950 1347566
955 1463116
960 1397361
965 1215874
970 1412158
975 1452052
980 1307207
985 1239317
990 1351081
995 1319391
1000 1265701
1005 1160236
1010 1155319
1015 1198386
1020 1100303
1025 915542
1030 1025355
1035 1037722
1040 896368
1045 849417
1050 894569
1055 897270
1060 852083
1065 737905
1070 756813
1075 794271
1080 722899
1085 616945
1090 698824
1095 706682
1100 657056
1105 608734
1110 668203
1115 671081
1120 638309
1125 556896
1130 606973
1135 634771
1140 596956
1145 551386
1150 608900
1155 624341
1160 577154
1165 549127
1170 605638
1175 634669
1180 610607
1185 535820
1190 627120
1195 662868
1200 636925
1205 592377
1210 684910
1215 694148
1220 647457
1225 611594
1230 666950
1235 754006
1240 767021
1245 690842
1250 824752
1255 896315
1260 878860
1265 794620
1270 989318
1275 1034577
1280 960352
1285 930376
1290 1055094
1295 1179341
1300 1158452
1305 1035496
1310 1175238
1315 1208328
1320 1102627
1325 952116
1330 1054685
1335 999409
1340 964675
1345 795391
1350 859003
1355 859692
1360 783228
1365 649248
1370 691003
1375 676353
1380 583969
1385 528496
1390 569498
1395 570501
1400 540577
1405 433536
1410 484153
1415 488861
1420 450254
1425 377421
1430 426035
1435 422207
1440 368762
1445 364066
1450 388620
1455 393191
1460 376774
1465 336805
1470 346808
1475 369785
1480 345121
1485 303779
1490 344745
1495 360932
1500 324418
1505 329477
1510 346248
1515 359513
1520 351547
1525 310596
1530 343760
1535 370428
1540 350060
1545 325659
1550 378508
1555 392272
1560 370129
1565 340238
1570 396633
1575 427765
1580 420550
1585 370433
1590 434316
1595 480154
1600 460767
1605 454021
1610 517943
1615 533314
1620 499603
1625 460960
1630 514567
1635 574216
1640 545330
1645 468492
1650 535941
1655 552490
1660 512503
1665 442905
1670 478229
1675 450271
1680 434677
1685 388440
1690 381523
1695 392189
1700 352897
1705 291324
1710 320237
1715 318799
1720 290301
1725 242007
1730 268928
1735 270733
1740 252191
1745 213246
1750 227176
1755 232382
1760 217757
1765 185297
1770 204040
1775 201885
1780 185744
1785 169188
1790 187075
1795 189724
1800 179644
1805 152788
1810 176743
1815 183538
1820 171916
1825 151505
1830 177234
1835 181014
1840 165899
1845 166951
1850 180338
1855 186053
1860 185962
1865 162093
1870 190491
1875 204950
1880 198467
1885 173343
1890 203368
1895 214229
1900 192487
1905 182443
1910 200505
1915 213082
1920 203312
1925 169168
1930 181034
1935 177408
1940 153216
1945 127016
1950 134967
1955 127654
1960 113827
1965 94165
1970 96234
1975 94508
1980 83221
1985 67542
1990 69879
1995 68519
2000 58358
2005 52711
2010 52612
2015 46699
2020 46699
2025 40731
2030 41579
2035 40559
2040 35332
2045 29313
2050 31785
2055 32198
2060 26625
2065 24289
2070 25139
2075 25041
2080 23861
2085 20457
2090 20871
2095 20770
2100 18963
2105 16644
2110 17044
2115 15718
2120 13029
2125 13861
2130 13861
2135 14252
2140 13349
2145 11977
2150 12556
2155 12292
2160 11672
2165 10577
2170 11298
2175 11091
2180 9305
2185 9141
2190 9514
2195 9493
2200 8923
2205 7104
2210 7648
2215 8005
2220 7928
2225 7117
2230 7355
2235 7425
2240 6213
2245 5709
2250 6448
2255 6224
2260 6334
2265 5218
2270 6150
2275 5836
2280 5184
2285 4660
2290 5969
2295 5524
2300 5190
2305 4754
2310 4932
2315 5016
2320 5195
2325 4208
2330 5106
2335 5156
2340 4933
2345 3725
2350 5018
2355 5024
2360 4197
2365 4048
2370 4033
2375 4898
2380 3565
2385 3642
2390 4041
2395 4021
2400 3175
2405 3408
2410 3789
2415 3789
2420 3501
2425 2618
2430 3796
2435 3138
2440 2793
2445 2249
2450 2780
2455 3197
2460 2700
2465 2441
2470 2314
2475 2700
2480 2919
2485 2816
2490 2719
2495 2410
2500 2775
2505 2503
2510 2599
2515 2467
2520 2505
2525 2170
2530 2634
2535 2786
2540 2602
2545 2498
2550 2640
2555 2581
2560 3171
2565 2366
2570 3322
2575 2371
2580 1988
2585 2191
2590 2319
2595 2437
2600 2156
2605 2351
2610 2073
2615 1981
2620 1659
2625 1915
2630 1850
2635 1639
2640 1626
2645 2020
2650 1834
2655 1687
2660 1588
2665 1607
2670 1919
2675 2122
2680 1546
2685 1863
2690 1459
2695 1503
2700 1733
2705 2282
2710 2042
2715 1690
2720 1117
2725 1497
2730 1552
2735 2258
2740 1349
2745 2025
2750 1649
2755 1978
2760 1551
2765 1715
2770 1782
2775 1419
2780 2106
2785 1560
2790 1875
2795 1520
2800 1117
2805 1629
2810 1794
2815 1773
2820 1625
2825 1123
2830 1340
2835 1511
2840 1583
2845 2031
2850 1597
2855 1703
2860 1823
2865 2284
2870 2046
2875 1483
2880 1389
2885 1562
2890 2088
2895 1725
2900 2094
2905 1522
2910 2368
2915 2119
2920 1763
2925 1524
2930 1742
2935 2243
2940 2112
2945 2057
2950 2466
2955 2111
2960 2493
2965 1850
2970 1874
2975 1801
2980 2168
2985 2050
2990 1957
2995 2207
3000 2836
3005 2280
3010 1983
3015 2133
3020 2198
3025 1889
3030 2497
3035 2246
3040 2290
3045 2042
3050 1876
3055 2859
3060 2257
3065 2269
3070 1974
3075 2143
3080 2147
3085 1872
3090 2046
3095 2709
3100 2596
3105 2478
3110 2651
3115 2721
3120 2691
3125 2974
3130 3255
3135 3699
3140 4001
3145 3352
3150 3692
3155 3747
3160 4127
3165 3895
3170 3925
3175 3898
3180 3481
3185 3669
3190 4947
3195 4477
3200 4798
3205 4834
3210 5349
3215 5861
3220 6032
3225 5285
3230 6044
3235 6567
3240 6590
3245 5865
3250 7107
3255 7917
3260 6468
3265 6470
3270 6880
3275 8847
3280 9069
3285 8224
3290 9602
3295 10575
3300 9788
3305 9163
3310 11133
3315 12143
3320 12100
3325 11742
3330 11881
3335 13427
3340 14206
3345 12908
3350 15760
3355 17928
3360 17712
3365 16593
3370 20540
3375 22271
3380 22327
3385 21286
3390 23123
3395 26449
3400 27114
3405 26153
3410 31765
3415 35402
3420 35292
3425 33493
3430 40675
3435 41424
3440 45980
3445 45316
3450 53803
3455 60811
3460 63108
3465 62804
3470 77168
3475 86047
3480 86523
3485 92820
3490 106535
3495 111547
3500 121790
3505 122345
3510 152642
3515 172279
3520 176496
3525 172785
3530 211593
3535 234825
3540 228581
3545 221747
3550 243916
3555 281105
3560 290320
3565 270099
3570 288811
3575 326763
3580 311832
3585 278715
3590 331390
3595 350944
3600 337441
3605 312573
3610 338126
3615 373054
3620 371932
3625 351694
3630 383337
3635 428578
3640 422449
3645 399866
3650 466891
3655 495880
3660 485386
3665 481408
3670 476155
3675 545603
3680 533074
3685 460864
3690 521982
3695 551343
3700 504576
3705 457605
3710 496731
3715 503960
3720 485162
3725 427965
3730 403751
3735 440606
3740 411511
3745 348309
3750 397857
3755 406385
3760 377119
3765 337187
3770 369922
3775 378149
3780 374411
3785 336232
3790 338899
3795 371545
3800 360617
3805 321173
3810 374452
3815 387238
3820 367887
3825 339127
3830 396603
3835 414752
3840 408169
3845 377112
3850 419390
3855 467972
3860 468239
3865 437606
3870 521395
3875 558278
3880 550106
3885 500803
3890 527262
3895 606343
3900 634523
3905 549021
3910 634589
3915 659924
3920 619193
3925 515298
3930 578773
3935 560400
3940 524515
3945 499760
3950 460351
3955 483032
3960 464529
3965 384268
3970 406431
3975 404541
3980 366878
3985 313729
3990 348844
3995 353177
4000 336689
4005 299726
4010 300321
4015 317506
4020 300938
4025 273876
4030 290824
4035 305505
4040 277865
4045 255049
4050 290167
4055 300963
4060 293090
4065 262480
4070 273173
4075 305032
4080 310120
4085 291274
4090 294151
4095 328930
4100 329528
4105 314034
4110 333588
4115 345779
4120 377131
4125 375890
4130 362617
4135 422963
4140 437981
4145 401807
4150 418103
4155 471444
4160 456952
4165 415025
4170 419749
4175 444636
4180 457925
4185 425490
4190 387092
4195 400517
4200 380598
4205 318374
4210 322114
4215 332319
4220 314873
4225 269332
4230 265216
4235 271060
4240 265432
4245 235529
4250 226460
4255 238446
4260 231482
4265 200959
4270 204518
4275 217203
4280 210693
4285 208837
4290 187835
4295 202764
4300 205179
4305 189493
4310 186168
4315 202018
4320 206155
4325 189149
4330 198538
4335 213200
4340 213755
4345 207311
4350 197849
4355 211335
4360 227894
4365 201291
4370 236874
4375 249128
4380 237295
4385 212477
4390 249773
4395 255728
4400 245693
4405 219771
4410 227902
4415 236372
4420 227768
4425 192378
4430 204749
4435 201867
4440 179544
4445 154792
4450 165761
4455 165626
4460 153881
4465 134791
4470 135523
4475 139795
4480 131139
4485 114914
4490 119448
4495 122429
4500 112347
4505 97663
4510 98575
4515 109904
4520 111025
4525 95523
4530 104794
4535 109659
4540 105392
4545 89142
4550 99442
4555 102846
4560 91929
4565 80699
4570 82681
4575 86159
4580 81815
4585 71469
4590 62409
4595 60551
4600 51124
4605 40377
4610 42093
4615 39392
4620 34209
4625 30196
4630 27690
4635 27260
4640 24250
4645 20348
4650 18812
4655 18871
4660 16188
4665 13037
4670 13264
4675 12955
4680 12955
4685 10280
4690 9805
4695 9831
4700 9469
4705 7961
4710 7732
4715 7668
4720 6832
4725 5671
4730 5517
4735 5722
4740 6187
4745 5206
4750 4309
4755 4145
4760 3494
4765 3123
4770 3382
4775 3895
4780 3745
4785 3334
4790 3436
4795 3210
4800 2668
4805 2033
4810 1843
4815 1651
4820 1304
4825 2010
4830 1674
4835 1356
4840 1460
4845 1256
4850 1419
4855 1552
4860 1326
4865 984
4870 1235
4875 1544
4880 1373
4885 1059
4890 603
4895 518
4900 758
4905 765
4910 815
4915 906
4920 771
4925 657
4930 1288
4935 861
4940 818
4945 521
4950 430
4955 648
4960 648
4965 663
4970 685
4975 558
4980 594
4985 854
4990 895
4995 914
5000 588
5005 836
5010 625
5015 640
5020 723
5025 782
5030 567
5035 447
5040 541
5045 569
5050 645
5055 1211
5060 1063
5065 1184
5070 771
5075 771
5080 743
5085 956
5090 1027
5095 648
5100 791
5105 609
5110 450
5115 589
5120 556
5125 507
5130 419
5135 923
5140 912
5145 710
5150 734
5155 441
5160 544
5165 574
5170 622
5175 662
5180 595
5185 571
5190 593
5195 794
5200 850
5205 457
5210 632
5215 666
5220 634
5225 842
5230 494
5235 731
5240 1089
5245 985
5250 595
5255 624
5260 722
5265 881
5270 776
5275 875
5280 519
5285 626
5290 432
5295 572
5300 326
5305 507
5310 792
5315 579
5320 792
5325 613
5330 490
5335 588
5340 733
5345 973
5350 781
5355 616
5360 630
5365 965
5370 832
5375 689
5380 641
5385 522
5390 770
5395 516
5400 568
5405 938
5410 674
5415 619
5420 596
5425 676
5430 701
5435 706
5440 719
5445 981
5450 659
5455 309
5460 627
5465 632
5470 632
5475 1037
5480 1243
5485 889
5490 923
5495 1243
5500 1003
5505 1069
5510 1257
5515 1120
5520 1634
5525 670
5530 680
5535 917
5540 738
5545 719
5550 634
5555 591
5560 686
5565 777
5570 887
5575 1162
5580 1275
5585 1273
5590 1161
5595 772
5600 790
5605 560
5610 718
5615 410
5620 642
5625 578
5630 562
5635 590
5640 610
5645 641
5650 637
5655 616
5660 572
5665 780
5670 663
5675 547
5680 617
5685 794
5690 535
5695 824
5700 824
5705 630
5710 613
5715 569
5720 601
5725 769
5730 714
5735 477
5740 688
5745 610
5750 561
5755 561
5760 661
5765 1035
5770 1273
5775 927
5780 764
5785 922
5790 837
5795 679
5800 662
5805 898
5810 917
5815 821
5820 666
5825 724
5830 974
5835 987
5840 841
5845 901
5850 748
5855 907
5860 893
5865 811
5870 884
5875 1133
5880 1131
5885 1041
5890 1006
5895 1100
5900 1047
5905 1036
5910 945
5915 945
5920 885
5925 885
5930 1194
5935 756
5940 635
5945 757
5950 896
5955 626
5960 785
5965 707
5970 510
5975 638
5980 641
5985 731
5990 733
5995 629
6000 788
6005 687
6010 632
6015 659
6020 473
6025 496
6030 560
6035 365
6040 503
6045 820
6050 759
6055 704
6060 605
6065 770
6070 789
6075 832
6080 315
6085 461
6090 604
6095 604
6100 911
6105 665
6110 743
6115 701
6120 864
6125 976
6130 822
6135 717
6140 731
6145 779
6150 772
6155 616
6160 629
6165 487
6170 590
6175 627
6180 649
6185 492
6190 1071
6195 944
6200 925
6205 866
6210 609
6215 929
6220 1189
6225 748
6230 737
6235 535
6240 685
6245 1330
6250 1058
6255 729
6260 1402
6265 1284
6270 750
6275 700
6280 825
6285 998
6290 1049
6295 1024
6300 670
6305 821
6310 1291
6315 986
6320 986
6325 1327
6330 653
6335 1165
6340 1012
6345 956
6350 1142
6355 1109
6360 1531
6365 1451
6370 1079
6375 1079
6380 1635
6385 1032
6390 1385
6395 1253
6400 1353
6405 1552
6410 1075
6415 1733
6420 1937
6425 1845
6430 1797
6435 1723
6440 1558
6445 1848
6450 1676
6455 2086
6460 1893
6465 1392
6470 1326
6475 1200
6480 1828
6485 2058
6490 2047
6495 1948
6500 1638
6505 1376
6510 1511
6515 1838
6520 1670
6525 1768
6530 2042
6535 2305
6540 2035
6545 2035
6550 1915
6555 1868
6560 2737
6565 2851
6570 2922
6575 2970
6580 3143
6585 2589
6590 2859
6595 3582
6600 4099
6605 4099
6610 3335
6615 3877
6620 3934
6625 3758
6630 4013
6635 4276
6640 4275
6645 4169
6650 4450
6655 4957
6660 4896
6665 4525
6670 4503
6675 5131
6680 5521
6685 5112
6690 5349
6695 5765
6700 5955
6705 6021
6710 7110
6715 7110
6720 7563
6725 7690
6730 8474
6735 9366
6740 9361
6745 9488
6750 10476
6755 11896
6760 12047
6765 12485
6770 14920
6775 14920
6780 16809
6785 16791
6790 17514
6795 20893
6800 21623
6805 21387
6810 25815
6815 29932
6820 29758
6825 29180
6830 29501
6835 37441
6840 40797
6845 42143
6850 42865
6855 56193
6860 61228
6865 61093
6870 74849
6875 87496
6880 92118
6885 93038
6890 103052
6895 114037
6900 143784
6905 160763
6910 167275
6915 193749
6920 246738
6925 266977
6930 281839
6935 352688
6940 352688
6945 391823
6950 399784
6955 452279
6960 513124
6965 520966
6970 513736
6975 571108
6980 632385
6985 623884
6990 621730
6995 738368
7000 738368
7005 789311
7010 773405
7015 761498
7020 957837
7025 1027459
7030 988568
7035 1126752
7040 1281012
7045 1307808
7050 1236457
7055 1245813
7060 1438452
7065 1475898
7070 1297839
7075 1286219
7080 1418253
7085 1377532
7090 1164467
7095 1306366
7100 1327678
7105 1241442
7110 1241442
7115 1143504
7120 1283068
7125 1292084
7130 1191072
7135 1210304
7140 1351739
7145 1369961
7150 1289607
7155 1542562
7160 1494282
7165 1396968
7170 1396968
7175 1639674
7180 1664685
7185 1486787
7190 1635300
7195 1754341
7200 1600092
7205 1440846
7210 1571289
7215 1551281
7220 1401014
7225 1391456
7230 1199543
7235 1289645
7240 1293100
7245 1154661
7250 1093988
7255 1139590
7260 1066116
7265 938540
7270 1014328
7275 1047312
7280 1047622
7285 969229
7290 918230
7295 1016502
7300 1041309
7305 973064
7310 980741
7315 1092255
7320 1075200
7325 1006751
7330 1167508
7335 1264626
7340 1264626
7345 1206495
7350 1193324
7355 1388692
7360 1445154
7365 1382872
7370 1349596
7375 1464869
7380 1470983
7385 1227147
7390 1366857
7395 1366857
7400 1373122
7405 1257399
7410 1097336
7415 1159088
7420 1102406
7425 940049
7430 963969
7435 998893
7440 922283
7445 832464
7450 824604
7455 914706
7460 922883
7465 843623
7470 760856
7475 877635
7480 874728
7485 793362
7490 855574
7495 886968
7500 830751
7505 732547
7510 732640
7515 795407
7520 777369
7525 681959
7530 630309
7535 649978
7540 605719
7545 511507
7550 511036
7555 492129
7560 440081
7565 437912
7570 362758
7575 399287
7580 373210
7585 321099
7590 310575
7595 331545
7600 313585
7605 278137
7610 283109
7615 294865
7620 294865
7625 271394
7630 234691
7635 247606
7640 242790
7645 194940
7650 185706
7655 182385
7660 159112
7665 125580
7670 117833
7675 117267
7680 104835
7685 87546
7690 68354
7695 67326
7700 62403
7705 51016
7710 41971
7715 39234
7720 33800
7725 27530
7730 25888
7735 25811
7740 24955
7745 20505
7750 18019
7755 17634
7760 16359
7765 13516
7770 11903
7775 11987
7780 10433
7785 8422
7790 8422
7795 8407
7800 7820
7805 7151
7810 6445
7815 6339
7820 5931
7825 5345
7830 4528
7835 4205
7840 3713
7845 3621
7850 3542
7855 3398
7860 3549
7865 2979
7870 2631
7875 3022
7880 3508
7885 3557
7890 3767
7895 4263
7900 3677
7905 3527
7910 2757
7915 2227
7920 1170
7925 1073
7930 1343
7935 2053
7940 2293
7945 1951
7950 2164
7955 2434
7960 2444
7965 1605
7970 1177
7975 1377
7980 1583
7985 1409
7990 1686
7995 2071
8000 1840
8005 1712
8010 1710
8015 1710
8020 1977
8025 2393
8030 1704
8035 1626
8040 1377
8045 1272
8050 1531
8055 1755
8060 1589
8065 1522
8070 1670
8075 1702
8080 1806
8085 1584
8090 1577
8095 1475
8100 1396
8105 1227
8110 1386
8115 1644
8120 1453
8125 1431
8130 1425
8135 1610
8140 1716
8145 1390
8150 1291
8155 1115
8160 1163
8165 1303
8170 890
8175 1480
8180 847
8185 847
8190 1419
8195 1055
8200 1300
8205 1347
8210 1060
8215 1068
8220 982
8225 807
8230 752
8235 754
8240 802
8245 802
8250 915
8255 527
8260 1083
8265 816
8270 995
8275 1056
8280 1166
8285 1213
8290 793
8295 711
8300 732
8305 666
8310 717
8315 693
8320 498
8325 602
8330 686
8335 764
8340 1102
8345 865
8350 1040
8355 1089
8360 527
8365 1115
8370 1174
8375 1038
8380 811
8385 700
8390 790
8395 663
8400 796
8405 711
8410 711
8415 965
8420 1031
8425 832
8430 908
8435 740
8440 673
8445 894
8450 993
8455 883
8460 900
8465 638
8470 589
8475 768
8480 511
8485 825
8490 957
8495 1181
8500 887
8505 990
8510 818
8515 929
8520 845
8525 780
8530 807
8535 1092
8540 1185
8545 792
8550 988
8555 830
8560 1194
8565 876
8570 895
8575 1215
8580 1243
8585 682
8590 835
8595 1000
8600 868
8605 815
8610 968
8615 907
8620 620
8625 850
8630 1231
8635 1274
8640 1274
8645 1051
8650 730
8655 749
8660 743
8665 688
8670 701
8675 873
8680 764
8685 765
8690 720
8695 635
8700 1302
8705 1632
8710 1573
8715 1935
8720 3025
8725 2569
8730 3093
8735 3371
8740 3583
8745 2958
8750 2696
8755 3000
8760 2939
8765 3177
8770 2961
8775 3049
8780 3138
8785 3320
8790 3557
8795 4250
8800 3893
8805 2846
8810 2846
8815 2891
8820 2751
8825 2249
8830 1974
8835 1996
8840 2002
8845 1553
8850 1400
8855 1501
8860 1234
8865 1234
8870 1010
8875 1361
8880 1139
8885 1064
8890 1077
8895 961
8900 891
8905 953
8910 864
8915 834
8920 844
8925 807
8930 842
8935 768
8940 702
8945 1022
8950 693
8955 752
8960 592
8965 607
8970 595
8975 771
8980 818
8985 938
8990 764
8995 738
9000 816
9005 768
9010 745
9015 949
9020 692
9025 642
9030 736
9035 736
9040 875
9045 962
9050 806
9055 786
9060 652
9065 797
9070 875
9075 898
9080 941
9085 607
9090 468
9095 646
9100 736
9105 701
9110 585
9115 1400
9120 808
9125 785
9130 936
9135 1106
9140 1201
9145 1219
9150 1189
9155 961
9160 1076
9165 1101
9170 1044
9175 794
9180 1033
9185 1030
9190 659
9195 1031
9200 1067
9205 1067
9210 936
9215 1274
9220 856
9225 784
9230 1115
9235 1025
9240 1170
9245 971
9250 1067
9255 910
9260 901
9265 1313
9270 877
9275 760
9280 1144
9285 871
9290 944
9295 923
9300 809
9305 990
9310 1107
9315 1105
9320 830
9325 1222
9330 926
9335 601
9340 982
9345 1003
9350 1197
9355 1256
9360 996
9365 940
9370 796
9375 757
9380 516
9385 691
9390 1068
9395 902
9400 1098
9405 813
9410 844
9415 960
9420 806
9425 806
9430 803
9435 983
9440 1066
9445 959
9450 1067
9455 892
9460 906
9465 970
9470 915
9475 947
9480 850
9485 749
9490 834
9495 1289
9500 845
9505 549
9510 834
9515 817
9520 763
9525 832
9530 912
9535 933
9540 775
9545 676
9550 807
9555 1197
9560 897
9565 793
9570 839
9575 951
9580 865
9585 868
9590 1161
9595 1125
9600 1091
9605 1218
9610 1010
9615 826
9620 938
9625 832
9630 1143
9635 1159
9640 1140
9645 906
9650 1100
9655 1164
9660 1284
9665 975
9670 846
9675 842
9680 1052
9685 959
9690 988
9695 1131
9700 1078
9705 861
9710 972
9715 1011
9720 1451
9725 817
9730 1047
9735 757
9740 1047
9745 927
9750 911
9755 725
9760 1122
9765 1079
9770 935
9775 987
9780 1128
9785 1095
9790 1196
9795 1097
9800 981
9805 1052
9810 756
9815 893
9820 880
9825 876
9830 968
9835 932
9840 1111
9845 988
9850 947
9855 1021
9860 814
9865 980
9870 1022
9875 1248
9880 1204
9885 1072
9890 1172
9895 1162
9900 796
9905 1175
9910 1019
9915 1057
9920 987
9925 861
9930 1018
9935 1016
9940 906
9945 710
9950 1037
9955 1011
9960 1014
9965 1087
9970 1008
9975 958
9980 898
9985 1025
9990 1162
9995 1198
10000 761
