30 274720
40 268250
50 267260
60 270427
70 271124
80 273784
90 273445
100 273789
110 274073
120 270907
130 261008
140 120596
150 63979
160 62701
170 64313
180 69109
190 83496
200 87077
210 97255
220 117201
230 144277
240 152297
250 182667
260 192033
270 216138
280 221577
290 258148
300 274619
310 289297
320 301348
330 336939
340 329263
350 350829
360 369822
370 415877
380 425682
390 443186
400 445039
410 488157
420 478956
430 507837
440 510145
450 550945
460 533131
470 569373
480 567402
490 602849
500 598191
510 632705
520 650662
530 660384
540 657658
550 675394
560 683328
570 740980
580 719298
590 766133
600 759390
610 825100
620 825604
630 845896
640 900270
650 900270
660 897144
670 917338
680 924366
690 975854
700 919188
710 966375
720 907592
730 942510
740 871792
750 890534
760 840494
770 856341
780 842390
790 828635
800 813110
810 812235
820 795445
830 827169
840 795995
850 844784
860 818474
870 891105
880 883426
890 927870
900 949058
910 1018260
920 1042135
930 1163564
940 1161224
950 1272176
960 1340525
970 1310077
980 1322705
990 1379527
1000 1328575
1010 1256197
1020 1191785
1030 1110231
1040 1000306
1050 957825
1060 859255
1070 830077
1080 741812
1090 709489
1100 665243
1110 665506
1120 642344
1130 618134
1140 614730
1150 597173
1160 573960
1170 600620
1180 573919
1190 607310
1200 593462
1210 636383
1220 633031
1230 659364
1240 682327
1250 728949
1260 765698
1270 828369
1280 889473
1290 1024316
1300 1036542
1310 1154332
1320 1090945
1330 1095431
1340 1132223
1350 994553
1360 878348
1370 802444
1380 690061
1390 646367
1400 559293
1410 528528
1420 464051
1430 445111
1440 408483
1450 407799
1460 398877
1470 367802
1480 354830
1490 350411
1500 332321
1510 344853
1520 333710
1530 350425
1540 338526
1550 359886
1560 357362
1570 367940
1580 380770
1590 401233
1600 420204
1610 451683
1620 468053
1630 522640
1640 507502
1650 547308
1660 503731
1670 503731
1680 493904
1690 449132
1700 403856
1710 369615
1720 326948
1730 302444
1740 267745
1750 253881
1760 222891
1770 217272
1780 196981
1790 196444
1800 193626
1810 181184
1820 173240
1830 174063
1840 170075
1850 177311
1860 173979
1870 183523
1880 184090
1890 199881
1900 197532
1910 197551
1920 205423
1930 196378
1940 184889
1950 164180
1960 132409
1970 120655
1980 96280
1990 87206
2000 70863
2010 69184
2020 58826
2030 49074
2040 39201
2050 37321
2060 30560
2070 29753
2080 25453
2090 23559
2100 20301
2110 19061
2120 16085
2130 16106
2140 15461
2150 13020
2160 11939
2170 11694
2180 10868
2190 8761
2200 9072
2210 8517
2220 7336
2230 7264
2240 7151
2250 7187
2260 6856
2270 6175
2280 5236
2290 5456
2300 5195
2310 5489
2320 5304
2330 4538
2340 4359
2350 4022
2360 4612
2370 4543
2380 3991
2390 3990
2400 3877
2410 3696
2420 4324
2430 4324
2440 2943
2450 2953
2460 2623
2470 2845
2480 2618
2490 3008
2500 2789
2510 2241
2520 2427
2530 2437
2540 2241
2550 2530
2560 2275
2570 2779
2580 2779
2590 2538
2600 2556
2610 2493
2620 2173
2630 1814
2640 1267
2650 1577
2660 1920
2670 1620
2680 2252
2690 2254
2700 2104
2710 1628
2720 1845
2730 1874
2740 1807
2750 1880
2760 1808
2770 1770
2780 1968
2790 1301
2800 1240
2810 1389
2820 1551
2830 1936
2840 1769
2850 1252
2860 1834
2870 1448
2880 1811
2890 1634
2900 1700
2910 1749
2920 1749
2930 1335
2940 1914
2950 1910
2960 2022
2970 2002
2980 1830
2990 2092
3000 1723
3010 2202
3020 2583
3030 2577
3040 2432
3050 1964
3060 2293
3070 2322
3080 2666
3090 1956
3100 2187
3110 2235
3120 2289
3130 3200
3140 3136
3150 2745
3160 3028
3170 3613
3180 3630
3190 4012
3200 4236
3210 4897
3220 5190
3230 5767
3240 6443
3250 6405
3260 6405
3270 6776
3280 7819
3290 8178
3300 9099
3310 9371
3320 10117
3330 11749
3340 12192
3350 13784
3360 15973
3370 15973
3380 17878
3390 18928
3400 22435
3410 26171
3420 28914
3430 33985
3440 37690
3450 44198
3460 50686
3470 63358
3480 64057
3490 73001
3500 88298
3510 99810
3520 125336
3530 158512
3540 192189
3550 231133
3560 250879
3570 286789
3580 293006
3590 321302
3600 319415
3610 322637
3620 344354
3630 351090
3640 377005
3650 399189
3660 436600
3670 492415
3680 484854
3690 539369
3700 508754
3710 508754
3720 530416
3730 479517
3740 449529
3750 423901
3760 402852
3770 387525
3780 369500
3790 367371
3800 351178
3810 364507
3820 364507
3830 354118
3840 377967
3850 376763
3860 418252
3870 451160
3880 476169
3890 529121
3900 561604
3910 615070
3920 610043
3930 634359
3940 627026
3950 549166
3960 543483
3970 466011
3980 439443
3990 387262
4000 343280
4010 333688
4020 301706
4030 305288
4040 284676
4050 280883
4060 292089
4070 282869
4080 289030
4090 289208
4100 304415
4110 313132
4120 330197
4130 358355
4140 375057
4150 422928
4160 422928
4170 417051
4180 467421
4190 433892
4200 420604
4210 391018
4220 350299
4230 318980
4240 289285
4250 264575
4260 236679
4270 228596
4280 230522
4290 206215
4300 209617
4310 192238
4320 196246
4330 197282
4340 197357
4350 206377
4360 207061
4370 218809
4380 224389
4390 225928
4400 240882
4410 235962
4420 241446
4430 228437
4440 215862
4450 191726
4460 173765
4470 157035
4480 136322
4490 132085
4500 132085
4510 117004
4520 115609
4530 107483
4540 106170
4550 103887
4560 102321
4570 98211
4580 91525
4590 81150
4600 64115
4610 64115
4620 55289
4630 41480
4640 36441
4650 27333
4660 22398
4670 17964
4680 14807
4690 12360
4700 10464
4710 9464
4720 7575
4730 7213
4740 7074
4750 6155
4760 5230
4770 3914
4780 3835
4790 3728
4800 3542
4810 2961
4820 2181
4830 1431
4840 1351
4850 1444
4860 1369
4870 908
4880 973
4890 1126
4900 1366
4910 748
4920 571
4930 756
4940 599
4950 593
4960 1037
4970 545
4980 627
4990 586
5000 633
5010 871
5020 740
5030 556
5040 700
5050 1014
5060 581
5070 581
5080 1017
5090 502
5100 602
5110 1104
5120 572
5130 511
5140 656
5150 757
5160 698
5170 681
5180 668
5190 603
5200 542
5210 954
5220 676
5230 806
5240 517
5250 648
5260 646
5270 805
5280 1072
5290 1103
5300 724
5310 663
5320 587
5330 758
5340 618
5350 655
5360 673
5370 766
5380 676
5390 725
5400 645
5410 645
5420 787
5430 588
5440 702
5450 822
5460 841
5470 589
5480 632
5490 722
5500 645
5510 804
5520 956
5530 1063
5540 626
5550 844
5560 573
5570 569
5580 981
5590 744
5600 682
5610 897
5620 834
5630 807
5640 719
5650 518
5660 551
5670 507
5680 716
5690 669
5700 567
5710 651
5720 602
5730 549
5740 549
5750 848
5760 657
5770 867
5780 796
5790 947
5800 766
5810 474
5820 838
5830 563
5840 889
5850 1263
5860 1305
5870 838
5880 1033
5890 1105
5900 1129
5910 852
5920 892
5930 744
5940 773
5950 781
5960 554
5970 531
5980 559
5990 634
6000 737
6010 814
6020 816
6030 536
6040 701
6050 709
6060 869
6070 675
6080 439
6090 612
6100 529
6110 690
6120 567
6130 614
6140 849
6150 524
6160 617
6170 620
6180 552
6190 791
6200 791
6210 477
6220 707
6230 493
6240 641
6250 727
6260 830
6270 843
6280 703
6290 566
6300 845
6310 947
6320 642
6330 1176
6340 1125
6350 718
6360 873
6370 860
6380 1394
6390 1356
6400 1384
6410 1307
6420 1235
6430 1509
6440 1863
6450 1700
6460 1850
6470 1765
6480 2292
6490 2018
6500 1602
6510 2051
6520 1922
6530 1483
6540 1442
6550 1996
6560 1990
6570 2374
6580 2513
6590 2866
6600 2901
6610 2958
6620 3723
6630 3654
6640 3799
6650 3924
6660 4643
6670 3996
6680 4981
6690 5076
6700 5847
6710 5745
6720 6576
6730 7348
6740 8014
6750 8950
6760 9347
6770 10058
6780 12226
6790 14027
6800 16964
6810 18105
6820 21559
6830 23453
6840 31882
6850 39399
6860 44395
6870 57286
6880 62698
6890 68472
6900 89557
6910 111247
6920 152920
6930 185997
6940 245155
6950 281639
6960 382121
6970 460151
6980 530445
6990 530445
7000 619126
7010 626288
7020 759658
7030 768363
7040 973406
7050 1107403
7060 1253444
7070 1350570
7080 1419408
7090 1424804
7100 1424804
7110 1263431
7120 1312901
7130 1178634
7140 1289254
7150 1170401
7160 1373029
7170 1393385
7180 1509600
7190 1617346
7200 1561741
7210 1561741
7220 1670916
7230 1534447
7240 1483390
7250 1228912
7260 1258285
7270 1031274
7280 1092909
7290 956369
7300 986001
7310 1020247
7320 985985
7330 971230
7340 1087381
7350 1066548
7360 1240056
7370 1266615
7380 1422793
7390 1370445
7400 1447955
7410 1296098
7420 1270703
7430 1114511
7440 1115406
7450 941620
7460 970455
7470 858988
7480 909606
7490 811501
7500 871582
7510 821935
7520 789728
7530 736904
7540 713987
7550 616922
7560 613473
7570 514950
7580 464242
7590 377843
7600 369688
7610 325961
7620 317134
7630 280699
7640 262113
7650 240543
7660 206146
7670 189531
7680 171400
7690 133834
7700 101457
7710 67566
7720 55960
7730 42115
7740 34033
7750 25499
7760 20454
7770 16546
7780 16023
7790 12764
7800 10898
7810 9028
7820 7556
7830 6554
7840 5565
7850 4241
7860 3898
7870 3419
7880 2984
7890 3322
7900 3188
7910 3452
7920 4425
7930 2407
7940 1024
7950 1401
7960 2612
7970 2284
7980 1596
7990 1462
8000 1703
8010 1871
8020 1930
8030 1852
8040 2058
8050 1997
8060 1304
8070 1480
8080 1578
8090 1547
8100 1423
8110 1515
8120 1492
8130 1386
8140 1275
8150 1215
8160 1704
8170 1362
8180 1128
8190 1191
8200 1078
8210 1281
8220 1522
8230 1067
8240 1110
8250 878
8260 647
8270 1079
8280 1151
8290 1100
8300 1001
8310 826
8320 706
8330 853
8340 763
8350 659
8360 820
8370 879
8380 754
8390 753
8400 718
8410 721
8420 1016
8430 647
8440 991
8450 927
8460 806
8470 861
8480 864
8490 902
8500 579
8510 728
8520 510
8530 1181
8540 1581
8550 982
8560 1224
8570 1437
8580 1051
8590 1212
8600 1082
8610 1068
8620 1028
8630 948
8640 964
8650 967
8660 899
8670 583
8680 548
8690 584
8700 538
8710 721
8720 1014
8730 1670
8740 2966
8750 2650
8760 3185
8770 2566
8780 2937
8790 3244
8800 3273
8810 3473
8820 3754
8830 3062
8840 2391
8850 2004
8860 1996
8870 1560
8880 1695
8890 1307
8900 991
8910 1032
8920 884
8930 888
8940 634
8950 722
8960 764
8970 888
8980 786
8990 891
9000 518
9010 822
9020 665
9030 716
9040 849
9050 1004
9060 942
9070 712
9080 464
9090 633
9100 646
9110 640
9120 642
9130 930
9140 1161
9150 1107
9160 793
9170 573
9180 1024
9190 847
9200 575
9210 1172
9220 1046
9230 1093
9240 955
9250 786
9260 822
9270 646
9280 950
9290 1100
9300 960
9310 1257
9320 754
9330 1187
9340 883
9350 984
9360 1016
9370 1036
9380 915
9390 830
9400 698
9410 722
9420 806
9430 1001
9440 782
9450 989
9460 1186
9470 1389
9480 1112
9490 796
9500 1217
9510 1049
9520 1080
9530 835
9540 955
9550 1044
9560 915
9570 1027
9580 1025
9590 899
9600 900
9610 988
9620 960
9630 964
9640 939
9650 1080
9660 1016
9670 914
9680 962
9690 1029
9700 983
9710 1001
9720 1003
9730 1003
9740 892
9750 812
9760 1474
9770 1056
9780 657
9790 900
9800 857
9810 1151
9820 1132
9830 916
9840 847
9850 1043
9860 1081
9870 967
9880 946
9890 901
9900 864
9910 767
9920 1056
9930 1286
9940 1263
9950 1201
9960 1008
9970 743
9980 1286
9990 540
10000 1365