40 270238
60 268131
80 265150
100 266451
120 262033
140 238498
160 108579
180 52476
200 75865
220 75865
240 79658
260 104072
280 135016
300 173343
320 214671
340 247842
360 280442
380 306795
400 346416
420 363917
440 400904
460 422793
480 439538
500 468896
520 492470
540 504544
560 533509
580 567734
600 590370
620 625112
640 664168
660 713613
680 759606
700 791897
720 797758
740 784401
760 747061
780 717659
800 687927
820 666511
840 652263
860 655567
880 681797
900 723735
920 730089
940 782002
960 907028
980 1058047
1000 1118889
1020 1097794
1040 1025239
1060 891968
1080 777674
1100 652062
1120 576420
1140 570148
1160 517849
1180 494517
1200 485732
1220 489388
1240 514933
1260 562934
1280 631693
1300 734455
1320 869495
1340 964913
1360 921568
1380 883381
1400 700063
1420 569288
1440 447159
1460 383879
1480 337915
1500 308282
1520 293412
1540 290357
1560 290844
1580 298910
1600 298910
1620 318331
1640 362077
1660 408889
1680 432541
1700 431932
1720 384977
1740 315623
1760 252110
1780 203624
1800 175786
1820 175786
1840 158057
1860 151157
1880 146644
1900 148377
1920 160097
1940 173326
1960 173671
1980 148055
2000 100825
2020 68968
2040 48579
2060 39183
2080 32011
2100 26632
2120 17990
2140 15325
2160 12371
2180 10531
2200 9257
2220 8183
2240 7226
2260 6027
2280 6027
2300 5536
2320 4578
2340 4069
2360 4261
2380 4655
2400 4059
2420 3463
2440 3480
2460 3038
2480 3009
2500 2605
2520 2910
2540 2836
2560 2094
2580 1898
2600 1649
2620 1857
2640 2037
2660 1772
2680 1624
2700 1857
2720 1963
2740 1908
2760 1597
2780 1395
2800 1117
2820 1044
2840 1895
2860 1625
2880 1824
2900 1653
2920 1791
2940 1263
2960 1193
2980 2103
3000 1969
3020 1813
3040 1946
3060 2184
3080 2103
3100 2100
3120 2312
3140 2270
3160 2770
3180 2770
3200 3044
3220 3501
3240 3854
3260 4853
3280 5572
3300 6336
3320 7768
3340 8940
3360 10146
3380 12942
3400 13403
3420 16108
3440 20832
3460 26837
3480 34521
3500 47693
3520 72078
3540 114422
3560 166331
3580 217380
3600 265961
3620 296196
3640 300354
3660 319967
3680 361024
3700 408127
3720 466936
3740 492620
3760 470790
3780 398830
3800 345646
3820 329824
3840 330645
3860 330645
3880 349534
3900 389353
3920 465457
3940 554615
3960 585157
3980 529200
4000 444878
4020 359613
4040 312329
4060 277194
4080 271281
4100 263716
4120 262745
4140 278606
4160 305892
4180 348510
4200 413010
4220 410525
4240 355140
4260 289019
4280 239792
4300 212233
4320 201659
4340 183332
4360 178374
4380 183564
4400 189497
4420 196385
4440 205428
4460 194456
4480 154386
4500 130314
4520 109146
4540 106468
4560 99004
4580 92351
4600 86815
4620 77430
4640 54069
4660 37893
4680 25124
4700 17254
4720 10719
4740 7242
4760 7242
4780 5566
4800 3802
4820 3465
4840 2967
4860 1975
4880 1496
4900 1447
4920 1166
4940 826
4960 624
4980 830
5000 822
5020 594
5040 633
5060 803
5080 573
5100 783
5120 727
5140 890
5160 471
5180 855
5200 917
5220 917
5240 658
5260 591
5280 656
5300 581
5320 577
5340 573
5360 637
5380 526
5400 659
5420 596
5440 596
5460 786
5480 678
5500 694
5520 504
5540 1124
5560 634
5580 482
5600 579
5620 650
5640 687
5660 704
5680 673
5700 498
5720 572
5740 826
5760 976
5780 1131
5800 596
5820 924
5840 823
5860 676
5880 698
5900 683
5920 790
5940 848
5960 942
5980 545
6000 683
6020 590
6040 894
6060 637
6080 776
6100 609
6120 521
6140 478
6160 904
6180 754
6200 683
6220 700
6240 779
6260 912
6280 729
6300 833
6320 504
6340 457
6360 692
6380 1221
6400 818
6420 790
6440 1369
6460 1570
6480 1752
6500 1610
6520 1646
6540 1561
6560 1439
6580 1387
6600 1745
6620 2287
6640 2682
6660 3435
6680 3742
6700 3430
6720 4513
6740 5332
6760 7040
6780 8971
6800 9583
6820 11381
6840 15353
6860 20278
6880 28838
6900 42875
6920 64603
6940 92925
6960 148682
6980 250703
7000 403342
7020 454121
7040 537427
7060 657976
7080 860881
7100 1067245
7120 1207257
7140 1136854
7160 1091575
7180 1105016
7200 1217915
7220 1480273
7240 1404023
7260 1404023
7280 1260055
7300 1034835
7320 885444
7340 877083
7360 885796
7380 963571
7400 1091837
7420 1224481
7440 1156754
7460 1003907
7480 936239
7500 872905
7520 777010
7540 738332
7560 712583
7580 608645
7600 470824
7620 366355
7640 296556
7660 259091
7680 245342
7700 217275
7720 167399
7740 105077
7760 59992
7780 34856
7800 22561
7820 14350
7840 9648
7860 6638
7880 4363
7900 3477
7920 3269
7940 3529
7960 3641
7980 1158
8000 2206
8020 1745
8040 1464
8060 1922
8080 1884
8100 1667
8120 1705
8140 1401
8160 1191
8180 1210
8200 1272
8220 1098
8240 1206
8260 876
8280 1148
8300 869
8320 820
8340 1153
8360 541
8380 742
8400 706
8420 808
8440 876
8460 816
8480 714
8500 861
8520 679
8540 885
8560 1001
8580 566
8600 721
8620 648
8640 720
8660 1061
8680 989
8700 837
8720 672
8740 597
8760 1735
8780 2780
8800 2830
8820 2792
8840 3124
8860 3170
8880 2654
8900 1921
8920 1526
8940 1169
8960 1084
8980 949
9000 898
9020 747
9040 664
9060 709
9080 781
9100 769
9120 716
9140 766
9160 760
9180 963
9200 995
9220 671
9240 918
9260 998
9280 905
9300 948
9320 838
9340 850
9360 615
9380 907
9400 1129
9420 904
9440 1152
9460 749
9480 969
9500 674
9520 825
9540 837
9560 959
9580 998
9600 789
9620 633
9640 885
9660 806
9680 909
9700 1188
9720 881
9740 990
9760 1021
9780 1041
9800 924
9820 920
9840 645
9860 645
9880 700
9900 1015
9920 878
9940 1006
9960 800
9980 822
10000 809
