40 418509
60 298597
80 304257
100 302804
120 302804
140 290671
160 113404
180 68515
200 65900
220 95717
240 100261
260 118240
280 151337
300 174292
320 205385
340 219896
360 225431
380 256364
400 279955
420 305521
440 321844
460 347895
480 399077
500 425031
520 478105
540 490578
560 498335
580 535798
600 549624
620 580600
640 594132
660 619312
680 688136
700 722978
720 729264
740 730293
760 715433
780 700662
800 700662
820 661860
840 578249
860 517026
880 483209
900 461931
920 448639
940 441540
960 438859
980 446540
1000 459430
1020 461997
1040 497547
1060 540977
1080 587606
1100 700679
1120 835975
1140 936945
1160 965448
1180 864378
1200 729277
1220 619721
1240 528254
1260 501210
1280 440158
1300 393068
1320 358391
1340 337947
1360 321717
1380 310499
1400 310098
1420 316052
1440 325670
1460 343845
1480 343845
1500 381831
1520 435378
1540 506453
1560 584011
1580 680910
1600 751064
1620 747506
1640 645065
1660 513035
1680 431073
1700 431073
1720 368333
1740 322464
1760 291739
1780 262093
1800 240297
1820 231214
1840 225010
1860 223653
1880 225478
1900 232557
1920 242160
1940 246289
1960 267650
1980 291290
2000 324427
2020 376906
2040 467913
2060 616786
2080 633647
2100 566526
2120 463534
2140 380681
2160 377383
2180 266246
2200 263907
2220 222154
2240 182215
2260 201464
2280 190160
2300 180692
2320 173052
2340 169702
2360 168850
2380 168850
2400 169975
2420 176192
2440 188126
2460 207639
2480 224963
2500 254909
2520 292404
2540 322064
2560 344540
2580 353889
2600 324756
2620 323170
2640 283794
2660 250983
2680 221027
2700 194209
2720 171384
2740 156732
2760 147144
2780 139707
2800 136505
2820 134002
2840 133507
2860 131623
2880 132174
2900 135423
2920 141145
2940 147290
2960 158672
2980 177751
3000 205124
3020 234731
3040 265407
3060 265407
3080 290416
3100 289777
3120 254162
3140 217929
3160 185333
3180 159001
3200 138707
3220 124616
3240 111255
3260 101187
3280 91789
3300 91789
3320 90186
3340 88168
3360 87770
3380 86326
3400 86640
3420 87514
3440 89633
3460 92763
3480 96375
3500 100683
3520 101936
3540 108323
3560 116129
3580 123998
3600 131202
3620 135924
3640 139882
3660 139598
3680 137099
3700 131199
3720 126072
3740 125042
3760 122282
3780 114241
3800 111182
3820 109870
3840 109559
3860 111520
3880 114342
3900 120729
3920 131423
3940 146874
3960 146874
3980 163744
4000 186231
4020 216452
4040 266773
4060 342994
4080 406448
4100 382069
4120 310316
4140 249843
4160 212387
4180 175860
4200 165539
4220 146553
4240 133464
4260 127073
4280 118851
4300 113435
4320 108906
4340 108160
4360 110263
4380 115279
4400 119257
4420 119779
4440 130587
4460 150695
4480 178205
4500 206332
4520 258398
4540 325695
4560 380203
4580 403366
4600 323989
4620 239565
4640 235168
4660 201859
4680 170241
4700 144296
4720 135123
4740 126207
4760 121675
4780 120031
4800 120718
4820 122002
4840 125746
4860 132911
4880 134400
4900 147600
4920 165598
4940 186015
4960 208110
4980 259617
5000 354838
5020 511009
5040 635040
5060 664955
5080 567576
5100 503566
5120 424888
5140 347159
5160 288283
5180 256110
5200 236744
5220 227924
5240 221955
5260 217893
5280 218486
5300 222160
5320 222160
5340 235562
5360 252405
5380 267754
5400 289095
5420 327455
5440 375555
5460 442172
5480 550176
5500 688303
5520 907629
5540 1214246
5560 1291623
5580 1089125
5600 909058
5620 654242
5640 544499
5660 464164
5680 402344
5700 367525
5720 341138
5740 322663
5760 312976
5780 304741
5800 306391
5820 307081
5840 310964
5860 324323
5880 336966
5900 365267
5920 400658
5940 469768
5960 577913
5980 713547
6000 755606
6020 896471
6040 1155137
6060 1349379
6080 947387
6100 779244
6120 583408
6140 486671
6160 403044
6180 361070
6200 312650
6220 284596
6240 282040
6260 268349
6280 259651
6300 257050
6320 251564
6340 254244
6360 277512
6380 298185
6400 317292
6420 366405
6440 430936
6460 468279
6480 547865
6500 762944
6520 1042293
6540 1316931
6560 1097925
6580 757709
6600 526547
6620 412757
6640 360694
6660 321095
6680 299503
6700 287626
6720 265453
6740 244307
6760 232640
6780 225374
6800 225983
6820 230152
6840 230922
6860 241895
6880 260439
6900 268241
6920 283024
6940 308611
6960 347965
6980 382750
7000 469168
7020 529859
7040 623267
7060 681340
7080 666991
7100 604118
7120 528227
7140 472886
7160 429378
7180 381824
7200 350727
7220 343503
7240 331704
7260 311265
7280 309499
7300 309625
7320 312790
7340 331620
7360 342756
7380 348603
7400 372479
7420 421520
7440 488690
7460 606845
7480 732941
7500 976824
7520 1244435
7540 1312335
7560 952209
7580 823159
7600 721650
7620 607277
7640 489910
7660 428149
7680 381781
7700 356268
7720 337495
7740 330984
7760 312856
7780 312915
7800 310746
7820 320054
7840 333335
7860 352146
7880 386137
7900 448052
7920 535682
7940 685072
7960 892246
7980 1005388
8000 962357
8020 950271
8040 978965
8060 953970
8080 761899
8100 555780
8120 471526
8140 394878
8160 342848
8180 312524
8200 302823
8220 284573
8240 279809
8260 278689
8280 279233
8300 278997
8320 285306
8340 295569
8360 315020
8380 354471
8400 392591
8420 454114
8440 544460
8460 678233
8480 971617
8500 1124840
8520 1185022
8540 1008781
8560 727947
8580 522158
8600 431654
8620 350533
8640 289442
8660 263405
8680 239216
8700 211837
8720 205861
8740 205678
8760 202820
8780 203944
8800 211469
8820 223597
8840 244669
8860 250930
8880 284266
8900 329070
8920 394724
8940 439996
8960 467750
8980 585695
9000 754595
9020 798157
9040 626558
9060 488595
9080 405823
9100 350110
9120 325921
9140 296494
9160 255084
9180 247464
9200 248489
9220 245329
9240 239642
9260 247002
9280 253681
9300 266390
9320 278525
9340 283146
9360 306011
9380 354995
9400 400412
9420 425046
9440 521515
9460 609182
9480 758901
9500 981417
9520 1151872
9540 1087119
9560 789849
9580 583605
9600 457088
9620 373568
9640 363982
9660 324956
9680 314574
9700 284921
9720 261932
9740 254992
9760 248169
9780 239693
9800 241889
9820 248824
9840 258931
9860 262611
9880 282491
9900 311068
9920 358629
9940 414915
9960 563234
9980 854929
10000 1148990
