30 292908
40 294508
50 294536
60 294460
70 293484
80 291226
90 286420
100 271976
110 271976
120 278553
130 275783
140 125780
150 107640
160 58520
170 71064
180 78959
190 98961
200 109432
210 129779
220 145438
230 158116
240 176400
250 211489
260 229195
270 238758
280 239174
290 270565
300 272988
310 289278
320 297304
330 333397
340 333458
350 377516
360 377180
370 419346
380 418232
390 425834
400 419701
410 433805
420 438274
430 468832
440 468832
450 492194
460 513269
470 572428
480 565225
490 606431
500 598641
510 647514
520 668949
530 645814
540 697693
550 664289
560 664289
570 696093
580 696754
590 721230
600 724349
610 793347
620 763071
630 844761
640 825382
650 895137
660 886661
670 949899
680 949899
690 946610
700 904343
710 926899
720 906316
730 943038
740 897103
750 912195
760 846236
770 856582
780 782514
790 782969
800 761813
810 706531
820 680308
830 661890
840 601873
850 625081
860 568093
870 596954
880 557433
890 561611
900 533473
910 545244
920 550484
930 546413
940 547565
950 557643
960 534906
970 580766
980 552844
990 606804
1000 599987
1010 651232
1020 651502
1030 694793
1040 719188
1050 771572
1060 801838
1070 874873
1080 921269
1090 1029658
1100 1154856
1110 1140442
1120 1140442
1130 1145022
1140 1219439
1150 1143066
1160 1012932
1170 989036
1180 878961
1190 833081
1200 739153
1210 691976
1220 621326
1230 581242
1240 531967
1250 529820
1260 515066
1270 476875
1280 450017
1290 437225
1300 407028
1310 413906
1320 385982
1330 395875
1340 376059
1350 383626
1360 378552
1370 376085
1380 376422
1390 379210
1400 382529
1410 393584
1420 393412
1430 417469
1440 416555
1450 448795
1460 448996
1470 450709
1480 490691
1490 525087
1500 556874
1510 610062
1520 644821
1530 707811
1540 745055
1550 835315
1560 856006
1570 924421
1580 875933
1590 877199
1600 882820
1610 797846
1620 705051
1630 674714
1640 595981
1650 564553
1660 496324
1670 479777
1680 424547
1690 414723
1700 400775
1710 374646
1720 358867
1730 339695
1740 321358
1750 314332
1760 294531
1770 293943
1780 278102
1790 282428
1800 268937
1810 270929
1820 269799
1830 268910
1840 268666
1850 269104
1860 270641
1870 274015
1880 276740
1890 289196
1900 291008
1910 306028
1920 306028
1930 311579
1940 335718
1950 357801
1960 373804
1970 405296
1980 425271
1990 467731
2000 493308
2010 557671
2020 594961
2030 648084
2040 646926
2050 658453
2060 690067
2070 657359
2080 622516
2090 577528
2100 504782
2110 475465
2120 424404
2130 398194
2140 352167
2150 348338
2160 328648
2170 305628
2180 288566
2190 272354
2200 262327
2210 248491
2220 229896
2230 231796
2240 215285
2250 219619
2260 219619
2270 207621
2280 203994
2290 200806
2300 195988
2310 194853
2320 191859
2330 191945
2340 190526
2350 195758
2360 195525
2370 204095
2380 204008
2390 203412
2400 214776
2410 220420
2420 229278
2430 243499
2440 249307
2450 269308
2460 277116
2470 305494
2480 316405
2490 325143
2500 347547
2510 362193
2520 388687
2530 402084
2540 413834
2550 428391
2560 400919
2570 405057
2580 371896
2590 363955
2600 356048
2610 323398
2620 301101
2630 283880
2640 265094
2650 248474
2660 234474
2670 222715
2680 204298
2690 201118
2700 186958
2710 185778
2720 185778
2730 175306
2740 169758
2750 163629
2760 159491
2770 158434
2780 152869
2790 153624
2800 149394
2810 153635
2820 147113
2830 147885
2840 152991
2850 149877
2860 154708
2870 156628
2880 156803
2890 164536
2900 165696
2910 173694
2920 177025
2930 186741
2940 189555
2950 198318
2960 208831
2970 219271
2980 234572
2990 249348
3000 270428
3010 302286
3020 309031
3030 335353
3040 334592
3050 348130
3060 348130
3070 331309
3080 316527
3090 291927
3100 266414
3110 246569
3120 227218
3130 209297
3140 186746
3150 177958
3160 159752
3170 159752
3180 156594
3190 144208
3200 135999
3210 128398
3220 123147
3230 118737
3240 113465
3250 111155
3260 106985
3270 104954
3280 104203
3290 101955
3300 102500
3310 99735
3320 99183
3330 98032
3340 95748
3350 99472
3360 91356
3370 101074
3380 93881
3390 92354
3400 100350
3410 99047
3420 103339
3430 103222
3440 107053
3450 108085
3460 109363
3470 120416
3480 111196
3490 128072
3500 119654
3510 119654
3520 136731
3530 131563
3540 138294
3550 143557
3560 145743
3570 152641
3580 149388
3590 158005
3600 151118
3610 167835
3620 167835
3630 146481
3640 164510
3650 147156
3660 152159
3670 154308
3680 141927
3690 148497
3700 131329
3710 140501
3720 128690
3730 124212
3740 133128
3750 122950
3760 127094
3770 119576
3780 124752
3790 117973
3800 120803
3810 128533
3820 117176
3830 131872
3840 118704
3850 118704
3860 134644
3870 134126
3880 139532
3890 136534
3900 146956
3910 150450
3920 166237
3930 167433
3940 192198
3950 193786
3960 193786
3970 221516
3980 223723
3990 265698
4000 299009
4010 331813
4020 375563
4030 411845
4040 447693
4050 472534
4060 481564
4070 476221
4080 423614
4090 403094
4100 340700
4110 322434
4120 270834
4130 241015
4140 221109
4150 198719
4160 191009
4170 166424
4180 172514
4190 172566
4200 154511
4210 151632
4220 141671
4230 139511
4240 132278
4250 130242
4260 127512
4270 119186
4280 128742
4290 116157
4300 116157
4310 126439
4320 116742
4330 126813
4340 123636
4350 124412
4360 128073
4370 133336
4380 134315
4390 147142
4400 140454
4410 140454
4420 168055
4430 155418
4440 190098
4450 180053
4460 220022
4470 250834
4480 264930
4490 319795
4500 334912
4510 407609
4520 407545
4530 421716
4540 496345
4550 422359
4560 452092
4570 366493
4580 359674
4590 296685
4600 241989
4610 241807
4620 204741
4630 208699
4640 208699
4650 172287
4660 177603
4670 155362
4680 153978
4690 141914
4700 144769
4710 131385
4720 131143
4730 142297
4740 122475
4750 122475
4760 142036
4770 123028
4780 140336
4790 129663
4800 135928
4810 142401
4820 142036
4830 146858
4840 146316
4850 160246
4860 168353
4870 151076
4880 184116
4890 168790
4900 207951
4910 209849
4920 234423
4930 266637
4940 294325
4950 330329
4960 362321
4970 419199
4980 438329
4990 489500
5000 605220
5010 675050
5020 789914
5030 794784
5040 787514
5050 680716
5060 560516
5070 512449
5080 444773
5090 437985
5100 409805
5110 361645
5120 336125
5130 309782
5140 297377
5150 283828
5160 274951
5170 265775
5180 253368
5190 258850
5200 258850
5210 245047
5220 252183
5230 243651
5240 250090
5250 245009
5260 248744
5270 254741
5280 252882
5290 258506
5300 258613
5310 271698
5320 282288
5330 272580
5340 299907
5350 293972
5360 322202
5370 322335
5380 353187
5390 384204
5400 402017
5410 443754
5420 459323
5430 460060
5440 516983
5450 580684
5460 677401
5470 752247
5480 897650
5490 993122
5500 1216125
5510 1356959
5520 1455522
5530 1416084
5540 1416084
5550 1195116
5560 1087425
5570 912776
5580 804210
5590 709479
5600 642514
5610 588396
5620 539212
5630 506845
5640 474058
5650 451338
5660 449136
5670 414466
5680 413527
5690 392623
5700 378959
5710 365978
5720 355099
5730 352961
5740 345069
5750 350857
5760 342414
5770 338542
5780 346955
5790 339469
5800 350436
5810 354096
5820 359467
5830 362232
5840 371276
5850 388019
5860 403028
5870 419064
5880 423340
5890 442091
5900 474528
5910 500568
5920 540691
5930 592470
5940 651530
5950 713272
5960 796633
5970 917004
5980 1088200
5990 1331886
6000 1331886
6010 1506895
6020 1642228
6030 1558940
6040 1382152
6050 1121396
6060 938827
6070 816795
6080 725318
6090 637327
6100 557494
6110 540903
6120 508913
6130 457351
6140 436145
6150 406832
6160 386547
6170 357892
6180 342956
6190 329290
6200 317719
6210 311470
6220 311031
6230 297465
6240 296145
6250 288819
6260 289247
6270 286163
6280 287614
6290 288888
6300 291249
6310 300755
6320 306068
6330 306315
6340 316173
6350 328026
6360 340619
6370 356627
6380 375616
6390 405352
6400 431460
6410 460527
6420 517991
6430 569240
6440 647808
6450 680167
6460 802049
6470 873208
6480 1104852
6490 1187394
6500 1478293
6510 1417551
6520 1273555
6530 1075016
6540 895268
6550 765855
6560 736190
6570 644352
6580 565399
6590 498915
6600 455723
6610 423102
6620 389929
6630 363722
6640 337668
6650 319928
6660 300229
6670 297295
6680 287954
6690 282617
6700 274985
6710 267674
6720 255729
6730 260556
6740 252446
6750 251035
6760 248237
6770 252313
6780 250859
6790 250656
6800 252509
6810 258523
6820 261558
6830 265937
6840 274103
6850 278474
6860 295125
6870 301788
6880 317092
6890 332912
6900 337752
6910 358331
6920 370407
6930 398376
6940 422023
6950 443043
6960 483423
6970 534667
6980 590534
6990 639139
7000 675606
7010 687928
7020 716596
7030 740502
7040 760841
7050 737763
7060 729113
7070 680214
7080 658033
7090 595834
7100 551221
7110 507593
7120 474551
7130 474551
7140 453182
7150 432251
7160 419832
7170 390469
7180 382680
7190 365150
7200 365903
7210 355206
7220 354109
7230 345119
7240 350428
7250 335862
7260 352173
7270 333134
7280 350186
7290 340365
7300 353290
7310 364336
7320 369798
7330 382680
7340 398500
7350 405273
7360 412280
7370 437023
7380 464973
7390 502531
7400 540739
7410 579561
7420 636094
7430 725244
7440 849941
7450 988610
7460 1123391
7470 1146923
7480 1293329
7490 1443110
7500 1595537
7510 1502761
7520 1448165
7530 1200730
7540 1046847
7550 907781
7560 791771
7570 690308
7580 645412
7590 615186
7600 547576
7610 529692
7620 474750
7630 463921
7640 422795
7650 412674
7660 395247
7670 388744
7680 356561
7690 328895
7700 362299
7710 308635
7720 368575
7730 312874
7740 364396
7750 299511
7760 345171
7770 347198
7780 343824
7790 351847
7800 385810
7810 352561
7820 380665
7830 376766
7840 442855
7850 399300
7860 491718
7870 434411
7880 564644
7890 522687
7900 669489
7910 885181
7920 897845
7930 849700
7940 1083208
7950 1075220
7960 1134312
7970 935134
7980 1041313
7990 1007845
8000 1135066
8010 1007154
8020 1044145
8030 873827
8040 902818
8050 690766
8060 722791
8070 583260
8080 587188
8090 461248
8100 479427
8110 410100
8120 388724
8130 353755
8140 373716
8150 333710
8160 331668
8170 289487
8180 334968
8190 276007
8200 321166
8210 278604
8220 311228
8230 281170
8240 293582
8250 265234
8260 253468
8270 289444
8280 280171
8290 323011
8300 278834
8310 346832
8320 300642
8330 366380
8340 322403
8350 396783
8360 403814
8370 444834
8380 410991
8390 491906
8400 480784
8410 605177
8420 577883
8430 753031
8440 793403
8450 1029861
8460 1168726
8470 1343600
8480 1345383
8490 1391115
8500 1120784
8510 1070548
8520 789336
8530 767718
8540 577650
8550 584054
8560 452815
8570 422554
8580 375852
8590 352712
8600 306790
8610 323980
8620 291307
8630 302572
8640 243637
8650 271932
8660 214491
8670 243821
8680 198077
8690 215265
8700 219171
8710 228999
8720 235952
8730 208965
8740 225698
8750 206797
8760 237398
8770 213869
8780 244224
8790 223159
8800 255297
8810 226919
8820 278430
8830 254065
8840 301506
8850 281590
8860 330993
8870 321088
8880 379642
8890 376372
8900 447013
8910 489809
8920 569027
8930 634067
8940 744686
8950 742167
8960 873699
8970 910572
8980 987708
8990 811216
9000 787682
9010 596314
9020 561557
9030 480353
9040 439794
9050 390104
9060 409824
9070 384390
9080 381488
9090 343335
9100 342101
9110 270175
9120 301078
9130 249603
9140 278952
9150 252423
9160 270018
9170 243415
9180 252863
9190 240266
9200 253538
9210 237824
9220 261157
9230 256196
9240 258673
9250 261552
9260 266199
9270 272420
9280 273053
9290 277196
9300 280924
9310 290306
9320 300934
9330 310471
9340 333671
9350 363502
9360 398253
9370 427636
9380 446258
9390 478138
9400 491751
9410 538351
9420 598828
9430 659492
9440 763717
9450 827656
9460 989690
9470 1031654
9480 1197119
9490 1184892
9500 1190135
9510 1066929
9520 925411
9530 824936
9540 705861
9550 583018
9560 522018
9570 466782
9580 405437
9590 369973
9600 353213
9610 336512
9620 332636
9630 323688
9640 311779
9650 291695
9660 290761
9670 277550
9680 261953
9690 260770
9700 244176
9710 250271
9720 239971
9730 240297
9740 241155
9750 240751
9760 238497
9770 240667
9780 243283
9790 242595
9800 249005
9810 260476
9820 268117
9830 277538
9840 281485
9850 289322
9860 311819
9870 328603
9880 357705
9890 391762
9900 437607
9910 486509
9920 544437
9930 653114
9940 741624
9950 909614
9960 982803
9970 1113365
9980 1189477
9990 1036879
10000 880800
