25 278347
30 274666
35 280811
40 280904
45 280500
50 280619
55 278315
60 281444
65 284617
70 285267
75 278581
80 285853
85 282641
90 282778
95 282778
100 281153
105 272435
110 274848
115 274848
120 275652
125 268636
130 112078
135 113257
140 116571
145 113219
150 64578
155 64807
160 65580
165 67858
170 75293
175 81543
180 81734
185 82509
190 100326
195 110506
200 109023
205 106190
210 133483
215 144382
220 140687
225 154033
230 165728
235 173461
240 177374
245 171378
250 196217
255 211375
260 207889
265 203692
270 232697
275 245057
280 237704
285 226906
290 258021
295 281583
300 274210
305 252784
310 292171
315 312031
320 279322
325 278245
330 305153
335 308054
340 295849
345 293911
350 308875
355 349658
360 324227
365 311373
370 359962
375 386942
380 360769
385 350125
390 385092
395 379871
400 365282
405 353148
410 362549
415 394027
420 369875
425 339689
430 376889
435 387045
440 367520
445 350464
450 424340
455 435845
460 427243
465 414981
470 446793
475 488437
480 470543
485 443910
490 515108
495 527688
500 487292
505 472890
510 542589
515 569955
520 536883
525 505920
530 555918
535 588316
540 556977
545 516070
550 583468
555 605829
560 538110
565 561845
570 620169
575 651721
580 621669
585 577686
590 669062
595 698569
600 665117
605 624084
610 713974
615 724192
620 669514
625 656343
630 711323
635 775866
640 757176
645 716131
650 825885
655 857392
660 800682
665 778972
670 876229
675 888318
680 825007
685 784455
690 838411
695 876934
700 828381
705 767762
710 835050
715 863333
720 802831
725 789734
730 867056
735 881025
740 820348
745 788438
750 837595
755 870788
760 807424
765 738099
770 809732
775 822632
780 748414
785 722526
790 773269
795 772590
800 751388
805 681793
810 700487
815 721954
820 655160
825 607211
830 672180
835 679453
840 615765
845 598256
850 643189
855 643633
860 614953
865 570702
870 592328
875 615775
880 560975
885 529032
890 589051
895 599835
900 552319
905 516803
910 583995
915 591562
920 555664
925 522266
930 563872
935 586714
940 542213
945 522989
950 578468
955 579164
960 530998
965 508594
970 521683
975 586431
980 552573
985 529130
990 600913
995 623530
1000 589612
1005 570789
1010 662510
1015 669292
1020 649766
1025 642265
1030 659052
1035 739192
1040 734617
1045 708128
1050 823711
1055 862871
1060 821407
1065 806356
1070 937836
1075 976050
1080 942232
1085 907880
1090 970132
1095 1074925
1100 1041543
1105 1017761
1110 1159618
1115 1154001
1120 1111256
1125 1040254
1130 1158932
1135 1158652
1140 1108619
1145 985564
1150 1024368
1155 1032969
1160 948068
1165 848199
1170 887862
1175 862473
1180 764937
1185 725404
1190 763184
1195 758073
1200 719836
1205 622832
1210 651887
1215 640870
1220 575723
1225 524727
1230 574988
1235 568741
1240 499355
1245 473906
1250 490318
1255 517364
1260 492727
1265 448874
1270 464507
1275 476050
1280 429636
1285 404542
1290 445546
1295 445764
1300 405079
1305 378631
1310 409352
1315 424869
1320 404527
1325 374056
1330 395821
1335 413109
1340 379644
1345 350222
1350 396221
1355 406235
1360 377523
1365 371656
1370 367675
1375 405478
1380 386184
1385 352574
1390 387517
1395 417123
1400 392855
1405 376988
1410 424711
1415 435857
1420 427756
1425 400181
1430 399042
1435 454888
1440 441786
1445 406404
1450 473617
1455 500819
1460 482296
1465 444262
1470 533160
1475 555406
1480 547022
1485 513381
1490 540061
1495 615144
1500 625224
1505 578237
1510 687110
1515 737167
1520 717683
1525 660885
1530 783141
1535 807232
1540 826356
1545 763804
1550 842377
1555 900855
1560 880841
1565 780427
1570 870916
1575 878279
1580 793562
1585 698522
1590 717661
1595 778160
1600 735782
1605 615353
1610 654696
1615 658002
1620 596864
1625 508014
1630 559946
1635 539043
1640 474887
1645 433886
1650 451948
1655 477400
1660 456788
1665 397251
1670 414865
1675 420851
1680 375852
1685 344857
1690 379540
1695 363622
1700 336191
1705 322803
1710 333255
1715 344068
1720 324724
1725 296320
1730 314641
1735 320077
1740 287224
1745 271221
1750 301820
1755 299496
1760 299496
1765 265844
1770 275966
1775 285057
1780 266567
1785 252113
1790 272455
1795 274571
1800 250825
1805 249083
1810 271409
1815 271792
1820 267276
1825 246867
1830 259087
1835 273926
1840 252654
1845 246009
1850 275337
1855 280036
1860 256377
1865 260018
1870 282268
1875 285020
1880 278052
1885 263186
1890 278080
1895 300821
1900 283598
1905 275434
1910 315029
1915 326170
1920 305841
1925 299578
1930 325207
1935 349734
1940 343314
1945 328059
1950 358592
1955 390192
1960 380372
1965 366678
1970 430056
1975 447629
1980 428704
1985 428087
1990 434933
1995 504875
2000 499752
2005 486637
2010 554070
2015 591476
2020 558891
2025 556888
2030 630846
2035 637293
2040 600212
2045 589281
2050 580397
2055 636099
2060 600271
2065 527830
2070 577976
2075 569126
2080 509704
2085 460603
2090 493623
2095 484104
2100 460093
2105 407498
2110 402885
2115 413782
2120 381929
2125 338261
2130 357666
2135 349905
2140 310745
2145 286874
2150 312091
2155 310747
2160 287541
2165 261269
2170 269660
2175 277892
2180 258549
2185 237963
2190 251218
2195 251757
2200 224981
2205 214778
2210 236053
2215 235881
2220 229639
2225 205736
2230 220324
2235 220994
2240 200971
2245 190172
2250 206175
2255 206467
2260 188228
2265 183321
2270 188624
2275 202145
2280 196761
2285 180765
2290 187842
2295 196450
2300 179754
2305 172328
2310 191145
2315 194137
2320 177151
2325 172595
2330 179929
2335 190999
2340 182014
2345 172818
2350 184402
2355 194324
2360 180146
2365 175974
2370 198398
2375 202469
2380 190242
2385 188031
2390 203885
2395 215565
2400 207581
2405 201482
2410 221447
2415 235982
2420 221435
2425 220936
2430 252040
2435 259475
2440 256022
2445 239578
2450 238922
2455 279713
2460 282988
2465 254290
2470 295297
2475 324097
2480 317060
2485 295560
2490 334408
2495 342618
2500 360775
2505 337654
2510 342237
2515 386553
2520 394623
2525 341113
2530 400102
2535 426443
2540 407767
2545 349353
2550 366014
2555 415082
2560 407891
2565 360182
2570 359808
2575 389035
2580 376908
2585 319751
2590 340701
2595 347510
2600 322480
2605 266316
2610 266316
2615 303518
2620 287182
2625 247318
2630 259692
2635 266390
2640 251714
2645 215195
2650 233558
2655 234595
2660 222404
2665 214302
2670 195838
2675 210449
2680 208240
2685 181457
2690 187729
2695 194969
2700 182827
2705 153502
2710 175869
2715 181757
2720 176334
2725 161250
2730 159224
2735 168535
2740 160673
2745 148894
2750 156545
2755 162001
2760 148062
2765 136969
2770 154022
2775 157006
2780 152612
2785 137699
2790 144578
2795 152711
2800 145979
2805 135937
2810 144436
2815 151253
2820 139754
2825 136646
2830 150996
2835 151151
2840 151968
2845 138405
2850 151426
2855 155901
2860 147183
2865 142088
2870 158240
2875 161932
2880 149290
2885 147794
2890 153423
2895 169053
2900 166984
2905 159350
2910 165474
2915 182474
2920 169373
2925 172084
2930 195878
2935 201029
2940 187165
2945 190019
2950 200344
2955 220663
2960 219876
2965 213534
2970 230665
2975 253204
2980 246824
2985 245956
2990 288040
2995 301754
3000 282606
3005 282606
3010 309275
3015 342407
3020 333101
3025 324746
3030 357565
3035 377289
3040 363049
3045 345425
3050 375162
3055 371496
3060 365409
3065 325160
3070 321402
3075 328783
3080 286879
3085 270807
3090 283557
3095 270483
3100 239718
3105 221637
3110 233550
3115 226192
3120 217021
3125 194288
3130 192451
3135 197575
3140 181782
3145 161401
3150 172009
3155 168754
3160 149353
3165 139344
3170 152360
3175 151784
3180 141742
3185 129128
3190 130858
3195 135955
3200 127779
3205 117275
3210 122740
3215 123131
3220 109473
3225 107774
3230 107774
3235 116209
3240 108970
3245 100512
3250 106894
3255 108642
3260 101154
3265 96782
3270 102511
3275 102875
3280 94948
3285 94335
3290 91633
3295 101753
3300 99116
3305 90154
3310 97985
3315 97976
3320 90547
3325 88186
3330 96589
3335 98696
3340 90754
3345 89127
3350 91522
3355 98204
3360 96749
3365 90951
3370 91057
3375 99184
3380 94627
3385 83553
3390 96609
3395 101645
3400 101645
3405 94498
3410 95832
3415 104911
3420 104860
3425 94055
3430 99675
3435 109087
3440 107260
3445 95309
3450 109808
3455 110168
3460 117872
3465 113334
3470 107858
3475 125002
3480 123724
3485 109990
3490 123139
3495 133103
3500 131429
3505 118156
3510 134036
3515 135774
3520 143388
3525 138824
3530 132723
3535 151178
3540 154205
3545 133497
3550 155711
3555 167857
3560 163539
3565 142662
3570 146692
3575 165481
3580 170266
3585 156274
3590 155517
3595 171741
3600 170635
3605 149248
3610 166563
3615 175711
3620 169839
3625 169839
3630 146063
3635 167382
3640 168143
3645 151057
3650 150724
3655 162305
3660 159418
3665 141768
3670 150187
3675 159946
3680 151685
3685 151685
3690 136995
3695 153061
3700 145679
3705 133124
3710 143570
3715 145015
3720 135210
3725 127652
3730 138699
3735 141305
3740 138642
3745 126402
3750 125143
3755 136219
3760 134154
3765 122742
3770 136066
3775 136741
3780 126105
3785 119478
3790 132057
3795 132057
3800 133677
3805 124314
3810 129916
3815 137079
3820 131741
3825 125421
3830 135411
3835 141863
3840 129977
3845 128030
3850 144740
3855 144740
3860 149486
3865 136444
3870 148972
3875 156539
3880 150872
3885 142766
3890 157204
3895 167740
3900 161782
3905 157749
3910 160712
3915 180619
3920 182659
3925 172626
3930 189534
3935 207070
3940 195672
3945 204314
3950 232076
3955 239601
3960 229095
3965 229433
3970 247770
3975 280136
3980 283788
3985 280591
3990 308698
3995 348465
4000 345024
4005 349852
4010 416297
4015 442394
4020 442394
4025 430932
4030 446929
4035 500198
4040 490710
4045 457848
4050 468326
4055 484845
4060 436136
4065 390680
4070 406414
4075 390669
4080 390669
4085 345566
4090 294154
4095 313519
4100 283809
4105 248123
4110 255470
4115 251847
4120 221502
4125 206053
4130 218102
4135 218353
4140 209164
4145 187026
4150 176984
4155 186736
4160 169895
4165 159696
4170 168936
4175 165991
4180 145344
4185 144005
4190 143878
4195 154849
4200 145242
4205 133920
4210 138555
4215 142243
4220 133332
4225 125906
4230 135547
4235 133341
4240 119443
4245 118493
4250 118493
4255 128603
4260 124993
4265 117641
4270 123509
4275 127276
4280 117770
4285 116198
4290 126439
4295 126911
4300 113976
4305 113976
4310 117659
4315 130645
4320 131328
4325 120761
4330 132909
4335 136820
4340 126746
4345 127611
4350 141275
4355 142972
4360 142335
4365 134284
4370 138222
4375 151341
4380 157003
4385 149039
4390 150296
4395 172189
4400 170140
4405 151591
4410 183375
4415 195194
4420 195194
4425 187577
4430 186943
4435 216703
4440 228426
4445 219832
4450 229515
4455 265241
4460 271420
4465 254260
4470 297134
4475 297134
4480 338818
4485 344920
4490 344385
4495 417214
4500 431557
4505 409736
4510 443672
4515 496214
4520 495292
4525 428649
4530 436340
4535 487612
4540 496319
4545 449699
4550 377362
4555 404647
4560 370862
4565 302416
4570 312582
4575 316152
4580 288769
4585 239170
4590 239085
4595 257028
4600 248678
4605 218250
4610 201081
4615 216221
4620 201884
4625 169205
4630 185993
4635 188519
4640 174285
4645 174285
4650 146010
4655 167017
4660 165400
4665 147611
4670 145483
4675 156118
4680 151257
4685 132075
4690 142523
4695 147695
4700 147695
4705 141394
4710 123680
4715 137059
4720 140971
4725 122516
4730 129049
4735 138386
4740 136696
4745 120476
4750 128021
4755 131053
4760 139518
4765 133336
4770 119462
4775 134106
4780 140180
4785 129625
4790 142343
4795 144690
4800 134505
4805 135355
4810 150939
4815 151720
4820 146118
4825 139197
4830 149390
4835 161422
4840 158086
4845 153328
4850 170899
4855 179471
4860 163622
4865 173632
4870 173632
4875 199275
4880 203033
4885 190375
4890 213100
4895 228519
4900 224275
4905 223359
4910 249791
4915 275776
4920 265123
4925 265123
4930 280370
4935 329307
4940 339449
4945 330896
4950 394168
4955 440236
4960 431529
4965 461866
4970 540366
4975 596713
4980 594806
4985 599569
4990 651226
4995 761487
5000 789563
5005 769894
5010 818428
5015 852653
5020 735919
5025 701010
5030 727376
5035 686889
5040 683033
5045 570530
5050 555086
5055 553315
5060 499813
5065 443339
5070 437107
5075 437858
5080 381633
5085 358453
5090 379100
5095 379100
5100 364462
5105 318941
5110 296831
5115 320546
5120 296702
5125 271867
5130 284304
5135 293196
5140 279335
5145 248115
5150 271080
5155 271124
5160 270315
5165 249719
5170 235726
5175 261578
5180 248971
5185 229956
5190 246296
5195 253910
5200 235832
5205 221864
5210 223816
5215 250558
5220 243824
5225 227550
5230 231231
5235 253267
5240 247300
5245 230729
5250 258976
5255 255906
5260 232214
5265 232214
5270 240850
5275 267653
5280 254288
5285 244851
5290 262364
5295 278004
5300 269377
5305 265224
5310 286613
5315 299543
5320 276748
5325 276748
5330 280363
5335 316345
5340 320371
5345 305602
5350 335783
5355 353650
5360 334807
5365 337031
5370 378203
5375 398226
5380 400893
5385 369755
5390 396851
5395 448018
5400 457370
5405 441980
5410 489419
5415 548918
5420 529727
5425 547457
5430 637511
5435 641144
5440 679852
5445 683927
5450 746125
5455 846358
5460 927726
5465 946989
5470 960101
5475 1162428
5480 1317844
5485 1271987
5490 1271987
5495 1391906
5500 1561378
5505 1487331
5510 1372892
5515 1406415
5520 1409821
5525 1269198
5530 1119263
5535 1105912
5540 1049310
5545 879346
5550 879346
5555 837059
5560 867380
5565 812337
5570 701212
5575 687659
5580 673094
5585 589425
5590 578678
5595 595293
5600 572620
5605 563792
5610 494007
5615 498681
5620 517756
5625 488951
5630 437919
5635 446641
5640 458856
5645 401435
5650 403124
5655 424365
5660 427346
5665 414646
5670 364078
5675 389718
5680 399173
5685 373861
5690 343942
5695 358120
5700 378029
5705 336572
5710 366073
5715 370664
5720 370664
5725 339171
5730 322009
5735 358624
5740 350375
5745 330176
5750 346619
5755 353798
5760 318190
5765 329290
5770 359123
5775 363360
5780 348191
5785 304009
5790 349205
5795 369232
5800 356131
5805 335034
5810 378072
5815 374991
5820 338537
5825 364810
5830 372824
5835 396410
5840 374142
5845 367445
5850 411624
5855 430103
5860 408915
5865 398616
5870 465985
5875 473044
5880 416275
5885 488544
5890 498398
5895 536316
5900 502388
5905 505387
5910 596677
5915 625456
5920 597810
5925 634678
5930 719462
5935 765330
5940 717230
5945 717230
5950 870698
5955 980657
5960 959443
5965 1040411
5970 1244277
5975 1395644
5980 1496794
5985 1516814
5990 1531487
5995 1687161
6000 1734274
6005 1589024
6010 1568538
6015 1438292
6020 1486335
6025 1397644
6030 1158653
6035 1089899
6040 1025935
6045 865026
6050 786819
6055 806674
6060 812935
6065 747308
6070 640708
6075 626975
6080 626268
6085 579452
6090 507899
6095 511446
6100 512478
6105 440991
6110 423809
6115 422991
6120 450774
6125 434432
6130 376053
6135 388195
6140 394304
6145 362009
6150 339883
6155 353652
6160 357441
6165 321852
6170 312670
6175 307483
6180 335749
6185 332727
6190 293577
6195 305984
6200 314483
6205 287926
6210 283707
6215 300602
6220 291344
6225 284288
6230 291349
6235 303117
6240 284961
6245 250786
6250 290793
6255 298379
6260 276987
6265 277270
6270 302214
6275 285170
6280 264345
6285 263353
6290 300897
6295 307085
6300 288548
6305 291812
6310 319454
6315 319309
6320 302757
6325 318107
6330 344189
6335 322393
6340 322393
6345 319752
6350 363159
6355 380767
6360 360928
6365 379450
6370 417742
6375 413820
6380 398958
6385 435575
6390 483031
6395 495944
6400 481551
6405 465931
6410 554332
6415 599476
6420 625217
6425 642516
6430 679979
6435 791352
6440 852055
6445 833850
6450 924506
6455 964037
6460 1119084
6465 1232927
6470 1242863
6475 1402670
6480 1572787
6485 1572948
6490 1466191
6495 1524409
6500 1439844
6505 1193977
6510 1182460
6515 1067715
6520 1080844
6525 947871
6530 786813
6535 779221
6540 757189
6545 664356
6550 588909
6555 591512
6560 569383
6565 559004
6570 474404
6575 471943
6580 486078
6585 463970
6590 390108
6595 400296
6600 403090
6605 364742
6610 348640
6615 358661
6620 355079
6625 352005
6630 313412
6635 309731
6640 326906
6645 315787
6650 276301
6655 290161
6660 295190
6665 259210
6670 263034
6675 283143
6680 285712
6685 276806
6690 241701
6695 256344
6700 272208
6705 257707
6710 237941
6715 253306
6720 261165
6725 240112
6730 261632
6735 261632
6740 261367
6745 234027
6750 233262
6755 259070
6760 250211
6765 237675
6770 248781
6775 263445
6780 255992
6785 243620
6790 258693
6795 267505
6800 270924
6805 245579
6810 256112
6815 278069
6820 271431
6825 259684
6830 282820
6835 294108
6840 278866
6845 277661
6850 281123
6855 306388
6860 313420
6865 285635
6870 311298
6875 339947
6880 336103
6885 322441
6890 372029
6895 383515
6900 362565
6905 359317
6910 368476
6915 418461
6920 425990
6925 410273
6930 446640
6935 489118
6940 489935
6945 469978
6950 530776
6955 586295
6960 587466
6965 551130
6970 572208
6975 659317
6980 685905
6985 642394
6990 694723
6995 764643
7000 746469
7005 719224
7010 779044
7015 821191
7020 824151
7025 744437
7030 717745
7035 803355
7040 791266
7045 697063
7050 704361
7055 714632
7060 645457
7065 605778
7070 624839
7075 634084
7080 614954
7085 527612
7090 526051
7095 550814
7100 526151
7105 474298
7110 456753
7115 479756
7120 425032
7125 419014
7130 419525
7135 443114
7140 429715
7145 379790
7150 388775
7155 406256
7160 385684
7165 356858
7170 371397
7175 385834
7180 350643
7185 343207
7190 343207
7195 375728
7200 370651
7205 330025
7210 336388
7215 364837
7220 342634
7225 325899
7230 345157
7235 358105
7240 328471
7245 315801
7250 327581
7255 357205
7260 356910
7265 325227
7270 326244
7275 364515
7280 349166
7285 341217
7290 365966
7295 377154
7300 377302
7305 346242
7310 350362
7315 392866
7320 394650
7325 371307
7330 396845
7335 429266
7340 422855
7345 413953
7350 466373
7355 480870
7360 481332
7365 441794
7370 474273
7375 537125
7380 533067
7385 520062
7390 578771
7395 640052
7400 645453
7405 654229
7410 732432
7415 762420
7420 797271
7425 758358
7430 831339
7435 974124
7440 1034803
7445 1033480
7450 1244540
7455 1350176
7460 1329446
7465 1357687
7470 1397606
7475 1463053
7480 1641586
7485 1661587
7490 1457918
7495 1467042
7500 1503785
7505 1388496
7510 1150316
7515 1134785
7520 1072072
7525 896601
7530 849950
7535 844767
7540 864391
7545 782359
7550 674726
7555 695358
7560 690667
7565 612297
7570 543623
7575 576750
7580 555629
7585 555629
7590 485568
7595 504852
7600 512060
7605 465176
7610 428909
7615 450455
7620 446653
7625 409388
7630 391820
7635 411778
7640 421324
7645 403099
7650 354969
7655 367275
7660 390377
7665 382719
7670 341372
7675 356978
7680 369860
7685 336244
7690 327460
7695 332953
7700 351725
7705 358643
7710 320095
7715 339214
7720 359947
7725 352952
7730 313457
7735 330726
7740 358665
7745 322060
7750 336559
7755 341955
7760 368497
7765 365614
7770 316642
7775 348823
7780 380215
7785 366317
7790 348093
7795 379652
7800 405271
7805 376063
7810 359410
7815 399307
7820 440376
7825 433123
7830 390102
7835 443130
7840 488537
7845 460485
7850 475224
7855 537723
7860 566813
7865 570539
7870 538030
7875 595173
7880 657822
7885 648048
7890 620323
7895 726472
7900 760729
7905 748681
7910 861789
7915 959465
7920 951261
7925 935044
7930 953496
7935 1035344
7940 1027910
7945 915723
7950 967368
7955 1042651
7960 1037554
7965 973254
7970 1092763
7975 1179402
7980 1181196
7985 1082391
7990 1101855
7995 1181407
8000 1130483
8005 943677
8010 966918
8015 938592
8020 813594
8025 733338
8030 748847
8035 759208
8040 701746
8045 570517
8050 592981
8055 612385
8060 580247
8065 507266
8070 505088
8075 496756
8080 448651
8085 429477
8090 441150
8095 448893
8100 430262
8105 377108
8110 384079
8115 419677
8120 409840
8125 372192
8130 385450
8135 410413
8140 369247
8145 360549
8150 362327
8155 379672
8160 367401
8165 325675
8170 339108
8175 356753
8180 339617
8185 308769
8190 326591
8195 343466
8200 313362
8205 297641
8210 313290
8215 340985
8220 332730
8225 299944
8230 302774
8235 338976
8240 328535
8245 305996
8250 323502
8255 334049
8260 311225
8265 288208
8270 306454
8275 329246
8280 326623
8285 284668
8290 322685
8295 348402
8300 331716
8305 328705
8310 358609
8315 375128
8320 374480
8325 354309
8330 360318
8335 411251
8340 418094
8345 382975
8350 420156
8355 469769
8360 467315
8365 466452
8370 539796
8375 551629
8380 541187
8385 506611
8390 601196
8395 671238
8400 665155
8405 656837
8410 769983
8415 841463
8420 830704
8425 892029
8430 962771
8435 1125920
8440 1181646
8445 1161165
8450 1294788
8455 1444369
8460 1490222
8465 1373327
8470 1204755
8475 1242110
8480 1169959
8485 990398
8490 887450
8495 883959
8500 873647
8505 793736
8510 659019
8515 642621
8520 640752
8525 584393
8530 486480
8535 500385
8540 483419
8545 471534
8550 416141
8555 400112
8560 411575
8565 394417
8570 345789
8575 332641
8580 350163
8585 338050
8590 289490
8595 298121
8600 309470
8605 295537
8610 263868
8615 259632
8620 273847
8625 266600
8630 240282
8635 247291
8640 256618
8645 247321
8650 230763
8655 245319
8660 256587
8665 255321
8670 226924
8675 240811
8680 260001
8685 259096
8690 239753
8695 232734
8700 257739
8705 248433
8710 233415
8715 229404
8720 247099
8725 257385
8730 239804
8735 232829
8740 257962
8745 255847
8750 227524
8755 246545
8760 264328
8765 246663
8770 239584
8775 244267
8780 266625
8785 279180
8790 258033
8795 273137
8800 297998
8805 289112
8810 272000
8815 309237
8820 327083
8825 313429
8830 299793
8835 352991
8840 346504
8845 311538
8850 348026
8855 389366
8860 382491
8865 371334
8870 430552
8875 461717
8880 454165
8885 442738
8890 486352
8895 575735
8900 582250
8905 541311
8910 650534
8915 753820
8920 787083
8925 786467
8930 928710
8935 1001495
8940 1014570
8945 955268
8950 976979
8955 1059447
8960 983321
8965 815505
8970 866468
8975 869033
8980 781740
8985 625651
8990 664122
8995 622811
9000 608976
9005 527962
9010 511260
9015 527323
9020 495770
9025 430814
9030 431904
9035 443583
9040 409160
9045 364101
9050 378427
9055 388049
9060 363452
9065 298700
9070 327509
9075 328261
9080 307305
9085 262274
9090 280486
9095 284426
9100 265027
9105 242465
9110 240196
9115 255969
9120 265498
9125 235626
9130 235765
9135 260995
9140 257583
9145 238385
9150 227406
9155 256793
9160 246062
9165 240203
9170 229949
9175 239053
9180 254990
9185 246774
9190 231793
9195 259483
9200 255600
9205 230472
9210 237073
9215 263510
9220 249259
9225 236275
9230 242226
9235 267803
9240 271489
9245 253010
9250 255358
9255 275797
9260 273324
9265 255190
9270 266864
9275 287419
9280 287139
9285 272912
9290 279683
9295 306003
9300 313725
9305 299931
9310 305471
9315 360888
9320 351733
9325 350498
9330 392972
9335 416050
9340 419933
9345 402312
9350 412513
9355 469842
9360 458929
9365 410529
9370 504729
9375 539048
9380 542726
9385 518270
9390 602634
9395 636785
9400 650455
9405 626113
9410 657449
9415 769801
9420 804676
9425 764888
9430 913453
9435 996292
9440 1010828
9445 980839
9450 1103841
9455 1222436
9460 1228413
9465 1114677
9470 1145440
9475 1143241
9480 1170339
9485 1080940
9490 924245
9495 909471
9500 891992
9505 849586
9510 809547
9515 669452
9520 669789
9525 645627
9530 536979
9535 511034
9540 535472
9545 476086
9550 427424
9555 431683
9560 422936
9565 416203
9570 386014
9575 366800
9580 390309
9585 384776
9590 337747
9595 355033
9600 377045
9605 360679
9610 313322
9615 331659
9620 338283
9625 330691
9630 294795
9635 291053
9640 307863
9645 299192
9650 265106
9655 266284
9660 286029
9665 277872
9670 254767
9675 254235
9680 265729
9685 270184
9690 245560
9695 238956
9700 261546
9705 263797
9710 235271
9715 242678
9720 260014
9725 245278
9730 230255
9735 236826
9740 247322
9745 260588
9750 232501
9755 238236
9760 265184
9765 265109
9770 241197
9775 250895
9780 272846
9785 262042
9790 254443
9795 254860
9800 276823
9805 291979
9810 279467
9815 269931
9820 310867
9825 316555
9830 300913
9835 304205
9840 345642
9845 353378
9850 335352
9855 367365
9860 390889
9865 368064
9870 378885
9875 444452
9880 456308
9885 446969
9890 499905
9895 572386
9900 586406
9905 581032
9910 625120
9915 767213
9920 802344
9925 777534
9930 936246
9935 1092140
9940 1146192
9945 1144866
9950 1250451
9955 1265633
9960 1227605
9965 1134165
9970 994397
9975 973009
9980 879535
9985 688310
9990 670979
9995 674760
10000 607979
