40 242485
60 243928
80 238679
100 241215
120 241916
140 239710
160 104029
180 81298
200 73760
220 66830
240 83648
260 107628
280 133197
300 158979
320 206808
340 244876
360 278098
380 308089
400 358622
420 384017
440 428252
460 466223
480 495893
500 531854
520 579019
540 610155
560 651163
580 699957
600 737284
620 775137
640 775812
660 770683
680 769426
700 735545
720 676177
740 638351
760 612103
780 599158
800 609392
820 625202
840 666478
860 734928
880 784835
900 838836
920 913579
940 935294
960 921963
980 855772
1000 787889
1020 726058
1040 691585
1060 667803
1080 672486
1100 707860
1120 745311
1140 770361
1160 861443
1180 992204
1200 1188023
1220 1123753
1240 968041
1260 755417
1280 626986
1300 544776
1320 492532
1340 460074
1360 460074
1380 452098
1400 473779
1420 519932
1440 600457
1460 715579
1480 832977
1500 844113
1520 658211
1540 511009
1560 402053
1580 399515
1600 331081
1620 291419
1640 264654
1660 255504
1680 264535
1700 289403
1720 325443
1740 374672
1760 420907
1780 385056
1800 301794
1820 283755
1840 212863
1860 166814
1880 144485
1900 127765
1920 124214
1940 128769
1960 135224
1980 130123
2000 99028
2020 65866
2040 54409
2060 31503
2080 22994
2100 17217
2120 13986
2140 11318
2160 8460
2180 7247
2200 5818
2220 5316
2240 4296
2260 4296
2280 3200
2300 3330
2320 2597
2340 1625
2360 1902
2380 1597
2400 1713
2420 1347
2440 1979
2460 2268
2480 2097
2500 1112
2520 1487
2540 1488
2560 1515
2580 1705
2600 1670
2620 1593
2640 920
2660 845
2680 972
2700 974
2720 1027
2740 1198
2760 944
2780 848
2800 1017
2820 923
2840 941
2860 642
2880 718
2900 954
2920 734
2940 734
2960 699
2980 1061
3000 892
3020 847
3040 1134
3060 1182
3080 1769
3100 1580
3120 2191
3140 1991
3160 1991
3180 2542
3200 2203
3220 2311
3240 3283
3260 3384
3280 4796
3300 5564
3320 6606
3340 7265
3360 9243
3380 10847
3400 11415
3420 14001
3440 17089
3460 23976
3480 32450
3500 46542
3520 73034
3540 119482
3560 151157
3580 177177
3600 200309
3620 200309
3640 233847
3660 286504
3680 321202
3700 319570
3720 299054
3740 273368
3760 259991
3780 260079
3800 275698
3820 305241
3840 305241
3860 337259
3880 359453
3900 355967
3920 319612
3940 287258
3960 273552
3980 265961
4000 269414
4020 287678
4040 322428
4060 369895
4080 378677
4100 392174
4120 367603
4140 319872
4160 276921
4180 248030
4200 233154
4220 243687
4240 263941
4260 290254
4280 307813
4300 309360
4320 282980
4340 217018
4360 172138
4380 149055
4400 132754
4420 126987
4440 127401
4460 137942
4480 135622
4500 119504
4520 119504
4540 96819
4560 80429
4580 66392
4600 56834
4620 43411
4640 30672
4660 18171
4680 11322
4700 6872
4720 3678
4740 3167
4760 3167
4780 2049
4800 2230
4820 1538
4840 627
4860 1027
4880 1231
4900 1176
4920 1314
4940 1717
4960 1692
4980 1618
5000 1664
5020 2351
5040 1705
5060 1426
5080 1321
5100 1488
5120 1059
5140 1059
5160 856
5180 818
5200 818
5220 642
5240 773
5260 975
5280 956
5300 1568
5320 1906
5340 1955
5360 2622
5380 2623
5400 2357
5420 2265
5440 2595
5460 2607
5480 2104
5500 1662
5520 1426
5540 1516
5560 1181
5580 1259
5600 1019
5620 1042
5640 945
5660 843
5680 857
5700 1481
5720 831
5740 1240
5760 1223
5780 891
5800 2222
5820 1680
5840 1455
5860 1838
5880 1984
5900 1829
5920 1462
5940 1697
5960 1734
5980 1559
6000 1772
6020 1688
6040 1179
6060 659
6080 1451
6100 1451
6120 1927
6140 1572
6160 1550
6180 1772
6200 1588
6220 1334
6240 1717
6260 1675
6280 1388
6300 1179
6320 1648
6340 2059
6360 1730
6380 2173
6400 2201
6420 2041
6440 1695
6460 2238
6480 1859
6500 1748
6520 1873
6540 1848
6560 1791
6580 1407
6600 2128
6620 1634
6640 1961
6660 2127
6680 2782
6700 2926
6720 2937
6740 4058
6760 5245
6780 5320
6800 6389
6820 8607
6840 12020
6860 16971
6880 27651
6900 44072
6920 69037
6940 111111
6960 172875
6980 231263
7000 317627
7020 353900
7040 498055
7060 680355
7080 849629
7100 916334
7120 932494
7140 965883
7160 1110331
7180 1153120
7200 1084869
7220 1027582
7240 1013100
7260 1004392
7280 1026940
7300 1127673
7320 1226919
7340 1257963
7360 1180366
7380 1055144
7400 994095
7420 1028892
7440 1088278
7460 1096403
7480 1013064
7500 872994
7520 740914
7540 631481
7560 550427
7580 477884
7600 386015
7620 280958
7640 207582
7660 167290
7680 132333
7700 117450
7720 77224
7740 42304
7760 23999
7780 13320
7800 7610
7820 5164
7840 3449
7860 2872
7880 2064
7900 1716
7920 1292
7940 1397
7960 1061
7980 2025
8000 2044
8020 1225
8040 2157
8060 1533
8080 1698
8100 1944
8120 1963
8140 2114
8160 2390
8180 2375
8200 2237
8220 2017
8240 1688
8260 2127
8280 2045
8300 1851
8320 1700
8340 2178
8360 1911
8380 1904
8400 2186
8420 2053
8440 2248
8460 2403
8480 2377
8500 2297
8520 2169
8540 1862
8560 2492
8580 2175
8600 2470
8620 2107
8640 1882
8660 1969
8680 2083
8700 2145
8720 1789
8740 1585
8760 1743
8780 2257
8800 2257
8820 1470
8840 1407
8860 1982
8880 2640
8900 2244
8920 2627
8940 2312
8960 2193
8980 2029
9000 1852
9020 1748
9040 1964
9060 2026
9080 1941
9100 1877
9120 1879
9140 1802
9160 1983
9180 2242
9200 1722
9220 1874
9240 1938
9260 1949
9280 1816
9300 1769
9320 1945
9340 2160
9360 2209
9380 1989
9400 2128
9420 2171
9440 2029
9460 1964
9480 2102
9500 1851
9520 1923
9540 1945
9560 1848
9580 2004
9600 2131
9620 2339
9640 1871
9660 2067
9680 1881
9700 1992
9720 2066
9740 2145
9760 2162
9780 2180
9800 2284
9820 2315
9840 1938
9860 2078
9880 2404
9900 2206
9920 2121
9940 2338
9960 2052
9980 2385
10000 2166
