30 260626
40 257254
50 253503
60 254808
70 259083
80 263115
90 266727
100 281218
110 280596
120 280303
130 268879
140 123021
150 113351
160 80224
170 76159
180 76756
190 79674
200 79083
210 95992
220 111339
230 129394
240 135172
250 152340
260 148151
270 155029
280 185286
290 215207
300 225781
310 249714
320 256621
330 286807
340 269942
350 311212
360 328696
370 354570
380 357329
390 400113
400 399120
410 443073
420 424602
430 485331
440 499386
450 514954
460 514954
470 548126
480 546079
490 554466
500 631166
510 631693
520 631693
530 669972
540 665705
550 708547
560 731141
570 748513
580 764232
590 788768
610 793760
630 776456
640 745677
650 712829
660 723122
670 686054
680 708885
690 667404
700 667404
710 679736
720 667226
730 663251
740 668326
750 676812
760 669387
770 698603
780 691898
790 736905
800 728710
810 779647
820 776118
830 815582
840 841078
850 910322
860 897110
870 938236
880 944144
890 991302
900 949249
910 965724
920 906933
930 923269
940 916935
950 843991
960 798169
970 784152
980 742398
990 737219
1000 702802
1010 710170
1020 686419
1030 699203
1040 678209
1050 683429
1060 705738
1070 703455
1080 728457
1090 779947
1100 797476
1110 868339
1120 901828
1130 1003534
1140 1034330
1150 1136530
1160 1118163
1170 1143316
1180 1080716
1190 1077889
1200 1006653
1210 929711
1220 824469
1230 762626
1240 675529
1250 647539
1260 578868
1270 568100
1280 552142
1290 520198
1300 498375
1310 484632
1320 471373
1330 472879
1340 465568
1350 481040
1360 486367
1370 512525
1380 515216
1390 523340
1400 565989
1410 605210
1420 662982
1430 742875
1440 763895
1450 844595
1460 810594
1470 831916
1480 729046
1490 680500
1500 655503
1510 562244
1520 505254
1530 444786
1540 404450
1550 363845
1560 321722
1570 310597
1580 287738
1590 281096
1600 268421
1610 268367
1620 263468
1630 260575
1640 261075
1650 265218
1660 271787
1670 281317
1680 292467
1690 319833
1700 326244
1710 356503
1720 360552
1730 360552
1740 381593
1750 380533
1760 359176
1770 333906
1780 298107
1790 264515
1800 234452
1810 208257
1820 181910
1830 176514
1840 174776
1850 154081
1860 153025
1870 138442
1880 136531
1890 137745
1900 128517
1910 140165
1920 128722
1930 142734
1940 132468
1950 140154
1960 129808
1970 113870
1980 101868
1990 83769
2000 71489
2010 53787
2020 40936
2030 38402
2040 30493
2050 28176
2060 22514
2070 22514
2080 19571
2090 16736
2100 14041
2110 13047
2120 10342
2130 10536
2140 9748
2150 8713
2160 8424
2170 8131
2180 8131
2190 7240
2200 6201
2210 5676
2220 4677
2230 4963
2240 4342
2260 4946
2270 2734
2280 2628
2290 3232
2300 3203
2310 2984
2320 2648
2330 1568
2340 1863
2350 1649
2360 1950
2370 1542
2380 1659
2390 2482
2400 2071
2410 1937
2420 1657
2430 1595
2440 1358
2450 1599
2460 2029
2470 1877
2480 1741
2490 1545
2500 1185
2510 1208
2520 1208
2530 1179
2540 1319
2550 1626
2560 1835
2570 2002
2580 1702
2590 1278
2600 1293
2610 1475
2620 1496
2630 1496
2640 1006
2650 1277
2660 1218
2670 1025
2680 1294
2690 1080
2700 1550
2710 1355
2720 1143
2730 898
2740 806
2750 1074
2760 1274
2770 1428
2780 882
2790 949
2800 927
2810 666
2820 893
2830 855
2840 923
2850 1187
2860 1187
2870 810
2880 1182
2890 931
2900 1123
2910 1126
2920 1104
2930 1082
2940 918
2950 850
2960 1152
2970 1152
2980 1086
2990 1644
3000 1313
3010 1459
3020 1094
3030 1332
3040 1269
3050 1242
3060 1423
3070 1067
3080 1212
3090 1332
3100 1930
3110 2046
3120 2059
3130 1904
3140 2263
3150 1930
3160 1625
3170 2675
3180 1771
3190 2796
3200 2811
3210 2979
3220 3369
3230 3718
3240 4103
3250 4396
3260 4739
3270 5294
3280 4730
3290 6199
3300 6847
3310 6847
3320 9040
3330 8428
3340 10063
3350 11072
3360 12954
3370 14383
3380 15607
3390 18113
3400 20633
3410 24459
3420 27275
3430 27275
3440 32877
3450 36605
3460 45889
3470 58778
3480 71515
3490 87257
3500 99014
3510 119422
3520 135738
3530 158370
3540 164134
3550 175418
3560 199238
3570 211621
3580 234207
3590 246526
3600 278644
3610 315812
3620 333124
3630 367665
3640 369451
3650 369532
3660 384067
3670 370349
3680 360232
3690 343156
3700 330562
3710 318128
3720 309576
3730 303316
3740 303175
3750 309856
3760 317852
3770 317852
3780 325234
3790 341296
3800 365139
3810 387643
3820 401917
3830 421123
3840 420126
3850 421971
3860 401354
3870 386393
3880 386393
3890 361543
3900 347514
3910 325700
3920 320696
3930 303691
3940 295942
3950 296987
3960 299161
3970 306275
3980 312625
3990 315385
4000 337993
4010 352098
4020 372773
4030 386025
4040 413375
4050 415362
4060 414169
4070 399073
4080 366342
4090 347267
4100 346472
4110 314209
4120 303816
4130 275476
4140 263691
4150 254622
4160 249825
4170 249065
4180 250245
4190 257403
4200 268204
4210 285548
4220 285548
4230 292528
4240 314781
4250 315212
4260 326058
4270 310115
4280 285755
4290 258967
4300 230577
4310 208492
4320 184097
4330 180265
4340 166806
4350 154609
4360 144775
4370 139318
4380 137023
4390 134273
4400 134711
4410 138855
4420 138930
4430 145204
4440 145204
4450 142430
4460 145429
4470 134043
4480 128656
4490 113486
4500 104480
4510 93238
4520 83222
4530 75407
4540 69917
4550 65465
4560 65465
4570 60512
4580 55546
4590 47431
4600 34252
4610 27380
4620 22277
4630 16376
4640 13942
4650 10755
4660 8001
4670 7499
4680 6481
4690 4588
4700 4383
4710 3498
4720 1936
4730 1531
4740 2495
4750 1799
4760 820
4770 454
4780 476
4790 1479
4800 608
4810 938
4820 996
4830 1187
4840 1143
4850 1083
4860 975
4870 703
4880 1499
4890 1499
4900 1499
4910 1275
4920 1907
4930 2279
4940 1506
4950 701
4960 2041
4970 2230
4980 2105
4990 2051
5000 1638
5010 1638
5020 1504
5030 1710
5040 1305
5050 1299
5060 1408
5070 1530
5080 1297
5090 749
5100 626
5110 1095
5120 1486
5130 516
5140 589
5150 483
5160 399
5170 440
5180 546
5190 534
5200 690
5210 631
5220 1351
5230 1385
5240 1382
5250 1313
5260 1275
5270 1533
5280 2044
5290 2258
5300 1840
5310 1613
5320 1837
5330 1904
5340 2384
5350 2404
5360 1757
5370 2180
5380 1988
5390 1912
5400 2371
5410 2635
5420 2346
5430 1968
5440 2119
5450 2111
5460 2024
5470 1679
5480 1816
5490 2085
5500 1737
5510 1950
5520 1378
5530 971
5540 1259
5550 1170
5560 1350
5570 1578
5580 820
5590 931
5600 878
5610 869
5620 1269
5630 778
5640 1204
5650 822
5660 530
5670 806
5680 848
5690 840
5700 1096
5710 1713
5720 1346
5730 1434
5740 1492
5750 2154
5760 2279
5770 1904
5780 1501
5790 2037
5800 2037
5810 1960
5820 1867
5830 2056
5840 1986
5850 1598
5860 1729
5870 1480
5880 1628
5890 1672
5900 1441
5910 1410
5920 1376
5930 1605
5940 1716
5950 1069
5960 1917
5970 1691
5980 1512
5990 1481
6000 1755
6010 1632
6020 1368
6030 1282
6040 982
6050 1158
6060 1407
6070 1123
6080 1666
6090 1498
6100 1685
6110 1434
6120 1327
6130 1932
6140 2073
6150 1652
6160 1782
6170 1762
6180 1413
6190 1358
6200 1241
6210 1441
6220 1641
6230 1870
6240 1499
6250 1264
6260 1396
6270 1322
6280 1486
6290 1087
6300 1567
6310 1058
6320 1222
6330 1230
6340 1289
6350 1275
6360 1838
6370 2368
6380 2114
6390 2252
6400 1741
6410 2347
6420 1938
6430 2272
6440 2797
6450 2470
6460 2208
6470 2591
6480 2635
6490 1768
6500 1923
6510 2356
6520 2113
6530 2012
6540 1828
6550 2056
6560 1825
6570 1257
6580 1936
6590 1994
6600 1988
6610 1600
6620 2262
6630 2379
6640 2167
6650 2289
6660 2475
6670 2543
6680 2738
6690 3135
6700 3624
6710 3862
6720 3830
6730 5215
6740 5305
6750 6908
6760 6871
6770 8147
6780 9098
6790 10840
6800 12382
6810 14979
6820 16285
6830 18396
6840 22998
6850 28108
6860 36220
6870 41877
6880 56320
6890 69845
6900 100390
6910 136587
6920 162307
6930 166048
6940 198867
6950 219268
6960 258722
6970 302105
6980 356854
6990 418801
7000 509495
7010 614900
7020 757814
7030 873194
7040 986007
7050 991369
7060 1056801
7070 1004635
7080 1018032
7090 987608
7100 1033970
7110 1073179
7120 1145405
7130 1257189
7140 1235571
7150 1245096
7160 1253562
7170 1225159
7180 1186875
7190 1100866
7200 1064643
7210 1024559
7220 1035614
7230 991446
7240 1065623
7250 1108981
7260 1168760
7270 1179300
7280 1224040
7290 1253213
7300 1272084
7310 1262628
7320 1225325
7330 1163080
7340 1083926
7350 1081372
7360 1023097
7370 1023510
7380 1032222
7390 1055522
7400 1079743
7410 1128010
7420 1145487
7430 1151891
7440 1090267
7450 965460
7460 878726
7470 798946
7480 714456
7490 653353
7500 627046
7510 582060
7520 557659
7530 516269
7540 505469
7550 425338
7560 408438
7570 333284
7580 276045
7590 240353
7600 211968
7610 198932
7620 189350
7630 167923
7640 155218
7650 135609
7660 127353
7670 102690
7680 84213
7690 59063
7700 41084
7710 27873
7720 25385
7730 20965
7740 15838
7750 12044
7760 8855
7770 7200
7780 6242
7790 4755
7800 3828
7810 3400
7820 2745
7830 2600
7840 2470
7850 2428
7860 2335
7870 2072
7880 2007
7890 1835
7900 1618
7910 1847
7920 1373
7930 1281
7940 1355
7950 940
7960 1247
7970 2002
7980 1807
7990 1608
8000 1880
8010 1975
8020 1926
8030 1480
8040 1755
8050 1879
8060 1953
8070 1920
8080 1782
8090 1960
8100 2026
8110 1929
8120 2050
8130 2257
8140 2269
8150 2033
8160 1948
8170 1413
8180 1347
8190 1893
8200 2260
8210 1764
8220 2236
8230 2069
8240 2002
8250 1783
8260 1920
8270 2108
8280 1882
8290 1956
8300 1818
8310 1923
8320 1368
8330 1844
8340 1520
8350 1971
8360 1880
8370 1990
8380 1935
8390 2073
8400 2141
8410 2182
8420 2098
8430 2146
8440 2320
8450 2222
8460 2079
8470 1842
8480 1767
8490 2115
8500 2033
8510 2185
8520 2133
8530 2102
8540 2205
8550 2223
8560 2317
8570 2255
8580 2225
8590 2359
8600 2245
8610 2201
8620 2126
8630 2016
8640 2358
8650 1846
8660 1830
8670 1677
8680 1853
8690 2124
8700 2013
8710 1877
8720 1330
8730 1164
8740 1468
8750 1684
8760 2573
8770 2568
8780 2529
8790 1240
8800 971
8810 1249
8820 2194
8830 1952
8840 2322
8850 2618
8860 2618
8870 2175
8880 2384
8890 2130
8900 2409
8910 2541
8920 2139
8930 1995
8940 2678
8950 2438
8960 2140
8970 2112
8980 2181
8990 1962
9000 2429
9010 2270
9020 2187
9030 1708
9040 2364
9050 2019
9060 2176
9070 1923
9080 2003
9090 1858
9100 1988
9110 1752
9120 1946
9130 1921
9140 2224
9150 2105
9160 2088
9170 2049
9180 2109
9190 2095
9200 2098
9210 1902
9220 1871
9230 1978
9240 2559
9250 2199
9260 2100
9270 1869
9280 2066
9290 2052
9300 1986
9310 1878
9320 2045
9330 2095
9340 2545
9350 2404
9360 2166
9370 2109
9380 2222
9390 2079
9400 1907
9410 2577
9420 2081
9430 2220
9440 2340
9450 2275
9460 2325
9470 2034
9480 2350
9490 2257
9500 2229
9510 2713
9520 2175
9530 2414
9540 2371
9550 2374
9560 2002
9570 2560
9580 2150
9590 2192
9600 1918
9610 2329
9620 2103
9630 2194
9640 2280
9650 2222
9660 1924
9670 2182
9680 2166
9690 2200
9700 1724
9710 2404
9720 2067
9730 2098
9740 2025
9750 2170
9760 2051
9770 2192
9780 2188
9790 2002
9800 1945
9810 1932
9820 1949
9830 2515
9840 2321
9850 2987
9860 2150
9870 2497
9880 2334
9890 2661
9900 2465
9910 2494
9920 2139
9930 2660
9940 2227
9950 2499
9960 2431
9970 2622
9980 2622
9990 2636
10000 2685
