25 283229
30 281122
35 279591
40 278957
45 271082
50 263405
55 260847
60 250185
65 254733
70 254566
75 248808
80 245795
85 245795
90 253251
95 248423
100 246252
105 247496
110 246072
115 242155
120 254314
125 250061
130 99841
135 122503
140 108542
145 107314
150 78539
155 78929
160 80739
165 79933
170 77067
175 77327
180 77981
185 79882
190 89459
195 92792
200 92816
205 93833
210 99126
215 116243
220 118184
225 125312
230 146335
235 154311
240 146836
245 153301
250 184574
255 184187
260 179673
265 179236
270 195271
275 216685
280 220203
285 220649
290 249972
295 258346
300 245501
305 249255
310 288228
315 288228
320 287853
325 281701
330 312963
335 341926
340 312604
345 328725
350 371404
355 379350
360 343611
365 364921
370 366042
375 423523
380 414715
385 406149
390 443737
395 467448
400 426315
405 445436
410 488752
415 502476
420 467385
425 468642
430 496646
435 545761
440 524734
445 499239
450 558205
455 586268
460 537078
465 570114
470 614588
475 631610
480 610979
485 578198
490 624114
495 667193
500 625697
505 619114
510 667230
515 714101
520 648546
525 693141
530 769598
535 768289
540 768289
545 695848
550 767103
555 819727
560 739555
565 767842
570 835712
575 852400
580 765371
585 812399
590 883344
595 878308
600 862873
605 787634
610 826308
615 883344
620 763607
625 790266
630 858948
635 844777
640 737611
645 761444
650 769380
655 829946
660 780904
665 712093
670 743401
675 775585
680 706333
685 684978
690 730083
695 716842
700 629017
705 659334
710 671366
715 700539
720 660319
725 622840
730 656388
735 686758
740 653182
745 630795
750 704242
755 682546
760 608141
765 608141
770 653327
775 720146
780 683508
785 663702
790 730098
795 745417
800 696219
805 705957
810 785289
815 797418
820 797418
825 719495
830 785735
835 856880
840 854349
845 811507
850 920592
855 929518
860 839168
865 901167
870 1004260
875 1002415
880 988028
885 920717
890 989923
895 1054641
900 958741
905 941371
910 1030597
915 1026904
920 901608
925 932812
930 992508
935 992508
940 940993
945 858093
950 879197
955 912687
960 845818
965 792675
970 831298
975 841243
980 738134
985 743063
990 743063
995 806167
1000 790148
1005 702038
1010 736058
1015 764369
1020 702216
1025 689554
1030 735890
1035 760249
1040 698294
1045 698608
1050 698608
1055 772448
1060 762763
1065 708413
1070 747960
1075 820582
1080 759286
1085 788293
1090 888019
1095 909652
1100 847840
1105 852418
1110 916925
1115 1025132
1120 1034738
1125 998942
1130 1088009
1135 1214225
1140 1129966
1145 1163497
1150 1308092
1155 1327333
1160 1327333
1165 1211756
1170 1227594
1175 1292456
1180 1194266
1185 1099733
1190 1117139
1195 1115042
1200 1013636
1205 903233
1210 937802
1215 937802
1220 888982
1225 773484
1230 738385
1235 779705
1240 702585
1245 632588
1250 660329
1255 652075
1260 581502
1265 560694
1270 595139
1275 599657
1280 554684
1285 492696
1290 534143
1295 552963
1300 515140
1305 484010
1310 533087
1315 517855
1320 454896
1325 491122
1330 500020
1335 530340
1340 493045
1345 468028
1350 530992
1355 550935
1360 526589
1365 508955
1370 583184
1375 591557
1380 528057
1385 528057
1390 617448
1395 678783
1400 657122
1405 676427
1410 762215
1415 804653
1420 771835
1425 802606
1430 905634
1435 942716
1440 833335
1445 833335
1450 909713
1455 976244
1460 958177
1465 842028
1470 809568
1475 795790
1480 702941
1485 634477
1490 642916
1495 623468
1500 604041
1505 513623
1510 489200
1515 503175
1520 466003
1525 412135
1530 402342
1535 407987
1540 351682
1545 339954
1550 357488
1555 359152
1560 349851
1565 310603
1570 310488
1575 322111
1580 304115
1585 281403
1590 289155
1595 301790
1600 280024
1605 271101
1610 295420
1615 295420
1620 295106
1625 265881
1630 278871
1635 299897
1640 284416
1645 279121
1650 304882
1655 320610
1660 309780
1665 307852
1670 311373
1675 353569
1680 363881
1685 344033
1690 357571
1695 415328
1700 407754
1705 402624
1710 450127
1715 474121
1720 441090
1725 436474
1730 430601
1735 461287
1740 437212
1745 383178
1750 373085
1755 377660
1760 333773
1765 292346
1770 295420
1775 271330
1780 229244
1785 225912
1790 226177
1795 227063
1800 198791
1805 182072
1810 186677
1815 184234
1820 167530
1825 155506
1830 162873
1835 157864
1840 157864
1845 136611
1850 143163
1855 152721
1860 137805
1865 132860
1870 142153
1875 143623
1880 132663
1885 131537
1890 142896
1895 146717
1900 143928
1905 130172
1910 139729
1915 150890
1920 148036
1925 135587
1930 145227
1935 143290
1940 124192
1945 118795
1950 118068
1955 120350
1960 107060
1965 88490
1970 85329
1975 82419
1980 71794
1985 59607
1990 58630
1995 52760
2000 42722
2005 41996
2010 41996
2015 41433
2020 36932
2025 31048
2030 30364
2035 27955
2040 22682
2045 23329
2050 23254
2055 22011
2060 17664
2065 17511
2070 17515
2075 17515
2080 16578
2085 13763
2090 14691
2095 13188
2100 11262
2105 10884
2110 11807
2115 10340
2120 9974
2125 8442
2130 8990
2135 9241
2140 8186
2145 7106
2150 7207
2155 6715
2160 6867
2165 6441
2170 5365
2175 6170
2180 6170
2185 6277
2190 5184
2195 4883
2200 5326
2205 4217
2210 5275
2215 4919
2220 4089
2225 3788
2230 3862
2235 3862
2240 3582
2245 2629
2250 3396
2255 3425
2260 3041
2265 2811
2270 2828
2275 2832
2280 2580
2285 1978
2290 1978
2295 2795
2300 2233
2305 1341
2310 1943
2315 1936
2320 2090
2325 1661
2330 2431
2335 2423
2340 1662
2345 1609
2350 1672
2355 1375
2360 1258
2365 1515
2370 1421
2375 1518
2380 1934
2385 1397
2390 1513
2395 1840
2400 1336
2405 1294
2410 908
2415 2204
2420 1440
2425 1259
2430 1648
2435 1706
2440 1335
2445 1299
2450 1950
2455 2113
2460 1951
2465 978
2470 1700
2475 1719
2480 1102
2485 1425
2490 1910
2495 1425
2500 1471
2505 1825
2510 2116
2515 1460
2520 1085
2525 1603
2530 2289
2535 1242
2540 1720
2545 1939
2550 1811
2555 2185
2560 1526
2565 1133
2570 1587
2575 1685
2580 1684
2585 1654
2590 1202
2595 1215
2600 1223
2605 1361
2610 1417
2615 1836
2620 1265
2625 1428
2630 1428
2635 1596
2640 1691
2645 741
2650 1675
2655 1633
2660 1219
2665 1336
2670 1733
2675 1467
2680 985
2685 912
2690 922
2695 1596
2700 868
2705 896
2710 730
2715 1585
2720 1282
2725 756
2730 921
2735 957
2740 1176
2745 1304
2750 1108
2755 792
2760 882
2765 804
2770 680
2775 1214
2780 1187
2785 1032
2790 882
2795 921
2800 936
2805 915
2810 850
2815 1249
2820 925
2825 886
2830 994
2835 1113
2840 795
2845 552
2850 1028
2855 1028
2860 1246
2865 774
2870 851
2875 896
2880 1243
2885 1165
2890 1112
2895 1036
2900 812
2905 651
2910 677
2915 725
2920 736
2925 1607
2930 1119
2935 1104
2940 1216
2945 1104
2950 943
2955 900
2960 1157
2965 1315
2970 1338
2975 1004
2980 1214
2985 1580
2990 1580
2995 1426
3000 1126
3005 1141
3010 1274
3015 1241
3020 1085
3025 1074
3030 1547
3035 1641
3040 1147
3045 1586
3050 1636
3055 1656
3060 1694
3065 1796
3070 1666
3075 2144
3080 2300
3085 2300
3090 1758
3095 2777
3100 2275
3105 2347
3110 1846
3115 2021
3120 2518
3125 2465
3130 2386
3135 2757
3140 2930
3145 2527
3150 2745
3155 3396
3160 3564
3165 2853
3170 3526
3175 2761
3180 3249
3185 3435
3190 4006
3195 4172
3200 4156
3205 4226
3210 4070
3215 4410
3220 4515
3225 4578
3230 4670
3235 5517
3240 5698
3245 4741
3250 6945
3255 7150
3260 5883
3265 5643
3270 5283
3275 6569
3280 7207
3285 7718
3290 8259
3295 8870
3300 8435
3305 8270
3310 8495
3315 10115
3320 10739
3325 9158
3330 9728
3335 11208
3340 12176
3345 12532
3350 13483
3355 14553
3360 15169
3365 15223
3370 13949
3375 16421
3380 17890
3385 17912
3390 18910
3395 21937
3400 23167
3405 24058
3410 28860
3415 31784
3420 32503
3425 30967
3430 32240
3435 37924
3440 42841
3445 44691
3450 49197
3455 59659
3460 64258
3465 66684
3470 77178
3475 91929
3480 91929
3485 91329
3490 93169
3495 115765
3500 125495
3505 123358
3510 148075
3515 159275
3520 157274
3525 157618
3530 176895
3535 186909
3540 193187
3545 178685
3550 193082
3555 217912
3560 219554
3565 200865
3570 233420
3575 254647
3580 244493
3585 252698
3590 259873
3595 282622
3600 299225
3605 281899
3610 310564
3615 342902
3620 342462
3625 320656
3630 345620
3635 373452
3640 330921
3645 345824
3650 346626
3655 366463
3660 355791
3665 315639
3670 326172
3675 335645
3680 313201
3685 292760
3690 306543
3695 313082
3700 279743
3705 266045
3710 279701
3715 301635
3720 295044
3725 261734
3730 279369
3735 301979
3740 281080
3745 276288
3750 302469
3755 311544
3760 309730
3765 286283
3770 307117
3775 338416
3780 339815
3785 306144
3790 335254
3795 369653
3800 353247
3805 354886
3810 394708
3815 398898
3820 397881
3825 362650
3830 378062
3835 409758
3840 389693
3845 353390
3850 377040
3855 392701
3860 370152
3865 339459
3870 360491
3875 361152
3880 345461
3885 299600
3890 316723
3895 335403
3900 314393
3905 287803
3910 300267
3915 310444
3920 284995
3925 270413
3930 281779
3935 305978
3940 301333
3945 270642
3950 286910
3955 312112
3960 309684
3965 288387
3970 318794
3975 333308
3980 320604
3985 317233
3990 322326
3995 354963
4000 363716
4005 339344
4010 371622
4015 408893
4020 412896
4025 383430
4030 418593
4035 435298
4040 397774
4045 389263
4050 402957
4055 431590
4060 416972
4065 368071
4070 374867
4075 385761
4080 363714
4085 322677
4090 323909
4095 329792
4100 323889
4105 284558
4110 285004
4115 298182
4120 283881
4125 249784
4130 265054
4135 271226
4140 248164
4145 238265
4150 256498
4155 267397
4160 263514
4165 231901
4170 250228
4175 273461
4180 269056
4185 237235
4190 264694
4195 292006
4200 270695
4205 281293
4210 313232
4215 322166
4220 323867
4225 297498
4230 323933
4235 350701
4240 344089
4245 307662
4250 327255
4255 340692
4260 297928
4265 285252
4270 287590
4275 293111
4280 273053
4285 223086
4290 230711
4295 230955
4300 207174
4305 182643
4310 189205
4315 188769
4320 172066
4325 157674
4330 160774
4335 167275
4340 158467
4345 139219
4350 144110
4355 154328
4360 142455
4365 133368
4370 144402
4375 146282
4380 137265
4385 129560
4390 136823
4395 151045
4400 150719
4405 133388
4410 143602
4415 158433
4420 157858
4425 145202
4430 156244
4435 159401
4440 158228
4445 141399
4450 140850
4455 147776
4460 138890
4465 117374
4470 121097
4475 122238
4480 110252
4485 95261
4490 99892
4495 101335
4500 95169
4505 80396
4510 83028
4515 83940
4520 76771
4525 66980
4530 72260
4535 72744
4540 67443
4545 61697
4550 63752
4555 64192
4560 59259
4565 49222
4570 51622
4575 52157
4580 46855
4585 37784
4590 35167
4595 32250
4600 26776
4605 22408
4610 21312
4615 21526
4620 18998
4625 13917
4630 12987
4635 12173
4640 10947
4645 9102
4650 8157
4655 7444
4660 6401
4665 5959
4670 6213
4675 4994
4680 4935
4685 3596
4690 3430
4695 3443
4700 2834
4705 2196
4710 2512
4715 2997
4720 2371
4725 1853
4730 2276
4735 2179
4740 1109
4745 1370
4750 1577
4755 1800
4760 1927
4765 1580
4770 1591
4775 1472
4780 1680
4785 1074
4790 1764
4795 1364
4800 971
4805 1166
4810 931
4815 1137
4820 2025
4825 1445
4830 830
4835 641
4840 1051
4845 1074
4850 1032
4855 1574
4860 1308
4865 689
4870 1064
4875 1526
4880 1502
4885 1196
4890 1307
4895 1412
4900 1508
4905 1783
4910 1794
4915 1710
4920 2038
4925 1497
4930 1383
4935 1434
4940 1496
4945 1491
4950 1202
4955 2288
4960 1912
4965 1732
4970 1574
4975 1998
4980 1757
4985 1318
4990 1363
4995 1621
5000 2101
5005 2329
5010 1995
5015 1980
5020 1576
5025 1078
5030 1951
5035 1844
5040 608
5045 1043
5050 1662
5055 1559
5060 1520
5065 1353
5070 864
5075 524
5080 806
5085 1174
5090 1095
5095 1422
5100 1672
5105 1351
5110 970
5115 919
5120 1004
5125 819
5130 791
5135 820
5140 764
5145 950
5150 635
5155 610
5160 504
5165 562
5170 588
5175 641
5180 752
5185 597
5190 765
5195 819
5200 771
5205 938
5210 1281
5215 1325
5220 1460
5225 932
5230 408
5235 1207
5240 1293
5245 1235
5250 2029
5255 1947
5260 2433
5265 2395
5270 1884
5275 2077
5280 2180
5285 1914
5290 1824
5295 2018
5300 2450
5305 2194
5310 2260
5315 2308
5320 2879
5325 2702
5330 2785
5335 2682
5340 2713
5345 2100
5350 2453
5355 2745
5360 1868
5365 1431
5370 1344
5375 2817
5380 2602
5385 2586
5390 2819
5395 2804
5400 2903
5405 2575
5410 2138
5415 1852
5420 2220
5425 2037
5430 2382
5435 2357
5440 1453
5445 2072
5450 2183
5455 1647
5460 1327
5465 1133
5470 1159
5475 2193
5480 1397
5485 1224
5490 1220
5495 1942
5500 911
5505 1034
5510 1122
5515 1137
5520 893
5525 929
5530 1314
5535 1305
5540 1201
5545 1202
5550 1121
5555 1250
5560 655
5565 569
5570 520
5575 610
5580 1578
5585 900
5590 778
5595 1290
5600 645
5605 1169
5610 1028
5615 1009
5620 1358
5625 1375
5630 1196
5635 876
5640 858
5645 987
5650 1170
5655 780
5660 1655
5665 2208
5670 1311
5675 1248
5680 1808
5685 1923
5690 1510
5695 1504
5700 1478
5705 1516
5710 1020
5715 1552
5720 1310
5725 1644
5730 1560
5735 2153
5740 2425
5745 1991
5750 1850
5755 1624
5760 1541
5765 1941
5770 2038
5775 2361
5780 2061
5785 1840
5790 1376
5795 1571
5800 1544
5805 1598
5810 1612
5815 1572
5820 1952
5825 1593
5830 1944
5835 1929
5840 1968
5845 1794
5850 1642
5855 1623
5860 1472
5865 1593
5870 1904
5875 1932
5880 1444
5885 1424
5890 1731
5895 1480
5900 1382
5905 1372
5910 1434
5915 1682
5920 1842
5925 1270
5930 1166
5935 1529
5940 1621
5945 1672
5950 1513
5955 1275
5960 1535
5965 1550
5970 679
5975 1132
5980 1251
5985 999
5990 1109
5995 1655
6000 1518
6005 1250
6010 1190
6015 842
6020 1230
6025 1353
6030 1296
6035 1119
6040 968
6045 1252
6050 1232
6055 1342
6060 1567
6065 1574
6070 1677
6075 1627
6080 1743
6085 1596
6090 1399
6095 1515
6100 1427
6105 1006
6110 1085
6115 1300
6120 1502
6125 1426
6130 1667
6135 1898
6140 1961
6145 1169
6150 1306
6155 1073
6160 1294
6165 938
6170 1487
6175 1304
6180 1587
6185 1324
6190 1437
6195 1653
6200 1527
6205 1283
6210 1239
6215 1659
6220 1880
6225 1842
6230 1161
6235 911
6240 1084
6245 1450
6250 1490
6255 1751
6260 1635
6265 1129
6270 1774
6275 1797
6280 1511
6285 1739
6290 1917
6295 1514
6300 1441
6305 1501
6310 1532
6315 1743
6320 1895
6325 1660
6330 2016
6335 1989
6340 2062
6345 2141
6350 2662
6355 1777
6360 2320
6365 2418
6370 2310
6375 2053
6380 1672
6385 1878
6390 2369
6395 2417
6400 2074
6405 1824
6410 2171
6415 2708
6420 2660
6425 2338
6430 2549
6435 2696
6440 2637
6445 1647
6450 2000
6455 2400
6460 1968
6465 1733
6470 1884
6475 1718
6480 1900
6485 2035
6490 1811
6495 1784
6500 1666
6505 1900
6510 1917
6515 1409
6520 1476
6525 1229
6530 1498
6535 1678
6540 1468
6545 1560
6550 1765
6555 1489
6560 2180
6565 2072
6570 1466
6575 1972
6580 1849
6585 1717
6590 2717
6595 2408
6600 1926
6605 1740
6610 1592
6615 2610
6620 2592
6625 2338
6630 2236
6635 2563
6640 2712
6645 2528
6650 2610
6655 2875
6660 3146
6665 3024
6670 2908
6675 3463
6680 3259
6685 3177
6690 3868
6695 3723
6700 3424
6705 3767
6710 4577
6715 5271
6720 5345
6725 5496
6730 6381
6735 7596
6740 7203
6745 7123
6750 8282
6755 8457
6760 7928
6765 7935
6770 9038
6775 11372
6780 11637
6785 10538
6790 12700
6795 15543
6800 16506
6805 17007
6810 20496
6815 23528
6820 23884
6825 24311
6830 26030
6835 32194
6840 36501
6845 35905
6850 41368
6855 53288
6860 57937
6865 60844
6870 69801
6875 76761
6880 90583
6885 100220
6890 118748
6895 141707
6900 153412
6905 149103
6910 172928
6915 202676
6920 210847
6925 217219
6930 229093
6935 246987
6940 266042
6945 257866
6950 286000
6955 312722
6960 360222
6965 363474
6970 345759
6975 434650
6980 498854
6985 523936
6990 500837
6995 574837
7000 689312
7005 748187
7010 724399
7015 832650
7020 961320
7025 961559
7030 902592
7035 992351
7040 1046110
7045 1038657
7050 929956
7055 967710
7060 1012719
7065 1004236
7070 880597
7075 975076
7080 1050181
7085 998030
7090 966599
7095 1041110
7100 1086174
7105 1146503
7110 1095878
7115 1127339
7120 1271339
7125 1255569
7130 1135341
7135 1220255
7140 1291194
7145 1243065
7150 1088573
7155 1180613
7160 1197476
7165 1147405
7170 999103
7175 1012300
7180 1099097
7185 1064325
7190 960599
7195 971121
7200 1062187
7205 1036268
7210 940635
7215 955745
7220 1060308
7225 1027545
7230 1098562
7235 1150179
7240 1073579
7245 1099246
7250 1249274
7255 1252086
7260 1170328
7265 1235175
7270 1269808
7275 1377915
7280 1200320
7285 1301032
7290 1368567
7295 1306502
7300 1129673
7305 1197691
7310 1232568
7315 1104102
7320 991958
7325 1028229
7330 1055408
7335 1085115
7340 995473
7345 963958
7350 1055589
7355 1017704
7360 883344
7365 992355
7370 1080290
7375 1076006
7380 978813
7385 1034299
7390 1127606
7395 1166608
7400 1111956
7405 1085252
7410 1172915
7415 1153882
7420 1020141
7425 977566
7430 969099
7435 1014697
7440 1012139
7445 875108
7450 795060
7455 821389
7460 785272
7465 678085
7470 661805
7475 695451
7480 667320
7485 615520
7490 561160
7495 581294
7500 587916
7505 597310
7510 541523
7515 508001
7520 534672
7525 505841
7530 430321
7535 417417
7540 432760
7545 372915
7550 327105
7555 324236
7560 321322
7565 307163
7570 261874
7575 242964
7580 241596
7585 223421
7590 186099
7595 186215
7600 193277
7605 179808
7610 169185
7615 156514
7620 161271
7625 152991
7630 135370
7635 129614
7640 131320
7645 118496
7650 96825
7655 90138
7660 85357
7665 74382
7670 72101
7675 53923
7680 47693
7685 40759
7690 31301
7695 27908
7700 26371
7705 22287
7710 17769
7715 15754
7720 14993
7725 14276
7730 12133
7735 11086
7740 8540
7745 7100
7750 7144
7755 6241
7760 5474
7765 5256
7770 5719
7775 4342
7780 3769
7785 3408
7790 3407
7795 3285
7800 2742
7805 2458
7810 2158
7815 2535
7820 2157
7825 2674
7830 2660
7835 2660
7840 2031
7845 1967
7850 1862
7855 1867
7860 1816
7865 1799
7870 2067
7875 2128
7880 1858
7885 2047
7890 2121
7895 2151
7900 1929
7905 1060
7910 706
7915 905
7920 1444
7925 1359
7930 1745
7935 1456
7940 1562
7945 1493
7950 1472
7955 1671
7960 1791
7965 1568
7970 1628
7975 1896
7980 1696
7985 1786
7990 1286
7995 1527
8000 2156
8005 2029
8010 1295
8015 1180
8020 1470
8025 1835
8030 1838
8035 1919
8040 1841
8045 1882
8050 2003
8055 1939
8060 1718
8065 1718
8070 1590
8075 1633
8080 1894
8085 1950
8090 1741
8095 1549
8100 1841
8105 2228
8110 2083
8115 1745
8120 1758
8125 1864
8130 1973
8135 2068
8140 1809
8145 1875
8150 1406
8155 1924
8160 2057
8165 1951
8170 1624
8175 1710
8180 1835
8185 1825
8190 1903
8195 2134
8200 2309
8205 2210
8210 2282
8215 2113
8220 2290
8225 1778
8230 1571
8235 1804
8240 1837
8245 1632
8250 1657
8255 1819
8260 1801
8265 1422
8270 1941
8275 2094
8280 2039
8285 1680
8290 1655
8295 1494
8300 1688
8305 1580
8310 1886
8315 1932
8320 2184
8325 1763
8330 2013
8335 1972
8340 1898
8345 1795
8350 1658
8355 1946
8360 2103
8365 1590
8370 2026
8375 1880
8380 1831
8385 2082
8390 2085
8395 2264
8400 2249
8405 2189
8410 2217
8415 2320
8420 2238
8425 2016
8430 2232
8435 2006
8440 2528
8445 2088
8450 2201
8455 2256
8460 2256
8465 1819
8470 2231
8475 2525
8480 2529
8485 1866
8490 1801
8495 2190
8500 1974
8505 2216
8510 2271
8515 2260
8520 2116
8525 1988
8530 1793
8535 2477
8540 2358
8545 2288
8550 2086
8555 2367
8560 1967
8565 1760
8570 1902
8575 2229
8580 2294
8585 2121
8590 1996
8595 1962
8600 1751
8605 2273
8610 1947
8615 1839
8620 1465
8625 1107
8630 1346
8635 1749
8640 2291
8645 2048
8650 1910
8655 1693
8660 1997
8665 1831
8670 2035
8675 2345
8680 1536
8685 1536
8690 1802
8695 1651
8700 883
8705 1117
8710 1754
8715 1857
8720 1868
8725 1783
8730 2173
8735 2290
8740 2340
8745 2430
8750 2194
8755 2373
8760 2561
8765 1436
8770 1394
8775 1726
8780 1293
8785 1485
8790 1872
8795 2358
8800 2431
8805 2747
8810 2925
8815 2670
8820 2576
8825 2605
8830 2287
8835 2567
8840 2555
8845 2263
8850 2464
8855 2474
8860 2456
8865 2097
8870 2258
8875 2319
8880 2558
8885 2394
8890 2335
8895 2652
8900 2517
8905 2165
8910 2184
8915 2614
8920 2288
8925 1937
8930 2114
8935 2567
8940 2651
8945 4350
8950 2549
8955 2883
8960 2024
8965 2152
8970 2179
8975 2309
8980 2426
8985 2384
8990 1895
8995 2097
9000 2380
9005 1879
9010 2164
9015 2449
9020 2153
9025 1953
9030 1816
9035 2106
9040 2188
9045 2053
9050 2026
9055 1861
9060 2214
9065 1627
9070 1875
9075 2463
9080 2463
9085 2073
9090 2149
9095 2078
9100 2045
9105 1862
9110 1670
9115 2140
9120 2322
9125 1814
9130 2198
9135 1889
9140 1913
9145 2065
9150 1897
9155 1862
9160 2376
9165 2178
9170 2255
9175 2425
9180 1499
9185 1756
9190 1882
9195 1940
9200 2168
9205 2205
9210 2152
9215 2209
9220 2133
9225 1936
9230 2243
9235 2132
9240 1967
9245 2138
9250 2010
9255 2094
9260 2287
9265 2295
9270 2177
9275 2427
9280 2503
9285 1851
9290 2012
9295 2241
9300 2386
9305 2386
9310 2209
9315 2424
9320 2268
9325 2132
9330 2172
9335 2431
9340 2604
9345 2621
9350 2323
9355 2505
9360 2515
9365 2407
9370 2029
9375 1916
9380 2290
9385 2291
9390 2220
9395 2714
9400 2418
9405 2165
9410 2087
9415 2281
9420 2404
9425 2371
9430 2087
9435 2076
9440 2411
9445 2515
9450 2241
9455 2553
9460 2159
9465 2297
9470 2474
9475 2474
9480 2413
9485 1863
9490 1864
9495 2309
9500 2360
9505 2301
9510 1992
9515 2070
9520 2375
9525 2565
9530 1999
9535 1999
9540 2322
9545 2189
9550 1938
9555 2015
9560 2235
9565 2219
9570 2271
9575 2001
9580 2635
9585 2083
9590 2104
9595 2230
9600 2320
9605 2272
9610 1910
9615 2344
9620 2389
9625 2040
9630 2552
9635 2446
9640 2170
9645 2097
9650 1973
9655 1975
9660 1999
9665 2482
9670 2510
9675 2341
9680 2327
9685 2317
9690 1978
9695 2252
9700 2246
9705 2246
9710 1838
9715 2301
9720 2499
9725 2194
9730 2106
9735 2341
9740 2119
9745 1945
9750 2586
9755 2346
9760 2292
9765 2017
9770 2175
9775 2564
9780 2212
9785 2348
9790 2544
9795 2275
9800 1988
9805 2461
9810 2610
9815 2654
9820 2620
9825 2311
9830 2465
9835 2407
9840 2397
9845 2130
9850 2264
9855 2540
9860 2253
9865 2429
9870 3066
9875 2778
9880 1940
9885 2075
9890 2583
9895 2594
9900 2421
9905 2284
9910 2434
9915 2557
9920 1811
9925 2737
9930 2737
9935 2289
9940 2105
9945 2248
9950 2225
9955 2212
9960 2383
9965 2260
9970 2124
9975 2186
9980 2459
9985 2449
9990 2212
9995 2250
10000 2403
